10000
32759
32757
32734
32731
32730
32724
32717
32717
32702
32697
32688
32686
32677
32674
32671
32665
32660
32657
32644
32636
32632
32622
32613
32603
32601
32594
32592
32580
32575
32569
32566
32562
32548
32542
32541
32538
32536
32536
32505
32495
32492
32487
32486
32483
32478
32477
32460
32457
32454
32453
32439
32427
32425
32424
32415
32413
32412
32406
32399
32398
32392
32389
32386
32374
32367
32362
32358
32355
32346
32344
32338
32321
32306
32296
32290
32286
32280
32268
32264
32246
32243
32227
32224
32223
32200
32186
32183
32176
32174
32160
32153
32149
32148
32146
32137
32130
32119
32113
32107
32096
32094
32087
32084
32081
32073
32066
32059
32057
32050
32050
32041
32040
32033
32033
32032
32027
32024
32020
32003
31999
31995
31985
31985
31984
31982
31971
31969
31967
31964
31962
31952
31951
31943
31940
31938
31928
31928
31912
31907
31889
31884
31871
31871
31860
31853
31850
31843
31837
31832
31831
31829
31828
31827
31822
31820
31819
31810
31807
31802
31790
31778
31771
31755
31755
31731
31725
31720
31713
31706
31701
31696
31687
31680
31672
31667
31656
31655
31654
31642
31642
31638
31631
31625
31613
31599
31597
31590
31580
31575
31569
31566
31563
31542
31534
31526
31520
31480
31474
31465
31459
31455
31449
31449
31442
31441
31441
31434
31427
31418
31416
31405
31404
31391
31387
31384
31379
31374
31349
31335
31331
31327
31326
31323
31316
31312
31305
31301
31301
31300
31298
31298
31293
31288
31286
31286
31285
31285
31281
31262
31259
31253
31247
31243
31241
31231
31231
31224
31222
31222
31194
31191
31189
31183
31181
31181
31173
31162
31162
31154
31150
31149
31147
31146
31145
31111
31109
31108
31101
31099
31096
31084
31082
31076
31062
31057
31057
31056
31056
31055
31043
31017
31015
31014
31009
30991
30989
30981
30975
30968
30968
30968
30954
30954
30947
30946
30924
30921
30917
30915
30909
30900
30899
30896
30895
30884
30882
30879
30866
30850
30848
30840
30838
30833
30818
30807
30807
30806
30796
30792
30780
30756
30756
30753
30744
30733
30732
30725
30713
30710
30706
30704
30694
30694
30692
30687
30667
30659
30659
30652
30650
30635
30631
30620
30620
30618
30604
30599
30595
30558
30554
30548
30544
30503
30497
30496
30490
30474
30460
30459
30457
30451
30447
30437
30408
30402
30395
30379
30341
30336
30333
30329
30324
30317
30314
30311
30306
30299
30298
30297
30293
30290
30276
30270
30270
30267
30267
30264
30252
30249
30242
30232
30230
30211
30200
30198
30194
30190
30184
30174
30172
30160
30160
30144
30143
30143
30133
30129
30128
30121
30109
30108
30103
30092
30084
30083
30066
30056
30052
30033
30015
30007
30002
29999
29999
29997
29996
29992
29981
29978
29976
29972
29970
29969
29967
29967
29967
29967
29960
29959
29959
29957
29945
29931
29925
29911
29909
29909
29895
29890
29887
29880
29875
29871
29865
29848
29841
29840
29835
29818
29810
29808
29806
29803
29799
29799
29798
29798
29795
29772
29772
29767
29766
29759
29753
29749
29741
29733
29727
29724
29721
29717
29701
29696
29690
29690
29690
29688
29681
29675
29671
29665
29663
29649
29648
29647
29639
29632
29627
29622
29621
29615
29603
29572
29553
29550
29539
29533
29531
29524
29521
29499
29495
29491
29489
29487
29485
29483
29476
29473
29461
29451
29444
29439
29425
29424
29418
29409
29406
29394
29389
29370
29363
29358
29358
29358
29357
29352
29352
29338
29323
29317
29313
29311
29308
29301
29300
29295
29284
29282
29282
29281
29268
29258
29256
29254
29247
29240
29237
29235
29231
29220
29216
29216
29211
29209
29208
29201
29199
29196
29194
29191
29176
29174
29163
29162
29150
29145
29143
29142
29125
29124
29117
29116
29096
29096
29080
29079
29079
29072
29071
29052
29050
29049
29039
29039
29035
29032
29030
29026
29026
29025
29021
29017
29013
29007
29002
29002
28994
28987
28975
28975
28974
28972
28969
28965
28964
28956
28951
28950
28940
28931
28927
28922
28917
28910
28909
28881
28877
28873
28872
28870
28868
28864
28863
28859
28840
28836
28833
28832
28805
28805
28794
28789
28789
28772
28770
28755
28750
28731
28729
28719
28714
28714
28704
28702
28697
28688
28687
28681
28674
28660
28653
28650
28649
28644
28636
28622
28621
28608
28598
28598
28587
28581
28574
28567
28564
28561
28552
28539
28530
28525
28517
28516
28515
28510
28498
28492
28486
28478
28470
28468
28467
28461
28456
28439
28437
28423
28421
28411
28398
28391
28390
28389
28387
28377
28375
28371
28371
28365
28364
28363
28359
28356
28355
28321
28317
28311
28300
28285
28280
28277
28276
28267
28263
28261
28249
28245
28244
28244
28240
28236
28234
28225
28225
28215
28211
28207
28203
28188
28185
28179
28174
28173
28172
28170
28168
28166
28161
28159
28157
28156
28154
28140
28122
28112
28112
28108
28091
28087
28075
28068
28065
28055
28050
28046
28036
28034
28034
28029
28021
28017
28015
28010
28004
28002
27995
27995
27983
27970
27965
27956
27948
27948
27943
27933
27932
27930
27926
27923
27923
27915
27911
27898
27896
27878
27862
27837
27816
27803
27796
27794
27787
27784
27776
27773
27772
27770
27752
27747
27743
27721
27720
27713
27705
27699
27694
27691
27688
27683
27681
27681
27671
27669
27661
27651
27646
27632
27632
27629
27628
27612
27609
27608
27603
27598
27591
27578
27565
27561
27553
27551
27549
27544
27544
27535
27533
27527
27522
27518
27508
27503
27480
27464
27460
27457
27454
27445
27436
27435
27425
27421
27403
27403
27395
27393
27384
27381
27365
27351
27349
27337
27331
27328
27322
27319
27299
27297
27288
27283
27282
27276
27267
27265
27249
27248
27241
27240
27238
27237
27230
27225
27206
27196
27194
27192
27186
27185
27185
27184
27148
27147
27142
27131
27117
27115
27106
27104
27102
27093
27071
27058
27044
27042
27039
27025
27020
27020
27020
26998
26997
26980
26979
26975
26970
26962
26962
26954
26948
26940
26918
26917
26897
26895
26895
26890
26886
26878
26877
26856
26854
26849
26840
26821
26820
26813
26812
26807
26790
26787
26765
26761
26761
26761
26754
26735
26730
26710
26707
26702
26697
26689
26689
26687
26660
26657
26651
26651
26649
26647
26642
26639
26628
26628
26627
26619
26613
26610
26600
26599
26592
26590
26581
26575
26571
26567
26564
26563
26547
26525
26523
26512
26509
26490
26488
26486
26478
26447
26446
26443
26440
26434
26416
26408
26398
26392
26381
26367
26363
26359
26346
26346
26342
26327
26325
26325
26320
26318
26308
26305
26301
26300
26294
26284
26284
26278
26264
26253
26243
26242
26235
26231
26229
26227
26212
26197
26190
26181
26162
26151
26146
26145
26142
26141
26136
26126
26121
26098
26097
26096
26079
26074
26070
26069
26069
26065
26065
26057
26043
26037
26032
26005
25994
25985
25971
25968
25960
25954
25949
25938
25926
25915
25913
25912
25907
25899
25895
25882
25878
25872
25860
25853
25823
25818
25800
25775
25773
25772
25764
25756
25749
25744
25740
25733
25728
25726
25720
25720
25719
25715
25714
25713
25687
25685
25656
25655
25646
25646
25635
25634
25632
25627
25606
25575
25565
25558
25557
25555
25548
25547
25543
25539
25530
25526
25525
25524
25521
25497
25496
25491
25491
25488
25465
25464
25462
25444
25442
25442
25436
25431
25429
25427
25410
25409
25409
25404
25403
25400
25395
25395
25379
25364
25362
25333
25331
25322
25317
25300
25288
25276
25276
25264
25263
25262
25250
25247
25241
25223
25206
25204
25200
25193
25191
25186
25180
25177
25173
25162
25158
25154
25147
25146
25141
25131
25127
25120
25104
25103
25085
25071
25069
25069
25064
25056
25049
25048
25046
25042
25041
25032
25029
25027
25024
25024
25020
25020
25017
25003
25000
24995
24992
24991
24989
24985
24966
24965
24955
24947
24943
24941
24921
24920
24918
24916
24900
24899
24885
24885
24880
24873
24858
24849
24844
24834
24830
24828
24821
24816
24805
24788
24788
24779
24778
24756
24756
24745
24735
24734
24708
24702
24702
24700
24686
24670
24665
24664
24663
24643
24641
24632
24620
24608
24597
24591
24579
24576
24576
24575
24549
24549
24541
24540
24527
24525
24523
24521
24510
24506
24498
24487
24481
24481
24477
24473
24463
24462
24455
24445
24444
24443
24433
24424
24420
24396
24392
24357
24354
24352
24335
24334
24324
24320
24310
24306
24297
24295
24220
24206
24200
24199
24197
24193
24187
24181
24177
24172
24171
24168
24161
24159
24144
24136
24128
24125
24120
24114
24105
24103
24096
24092
24082
24078
24073
24069
24058
24052
24050
24036
24033
24025
24022
24017
24016
24008
24006
24006
24000
23990
23964
23956
23955
23935
23932
23925
23923
23916
23912
23902
23886
23884
23880
23874
23873
23864
23849
23828
23823
23815
23805
23801
23793
23792
23783
23773
23772
23765
23755
23753
23752
23751
23746
23734
23726
23723
23718
23710
23708
23702
23700
23692
23690
23687
23686
23684
23680
23678
23677
23676
23675
23667
23663
23640
23637
23633
23617
23616
23614
23608
23601
23601
23600
23594
23588
23582
23581
23577
23559
23555
23536
23535
23529
23528
23528
23519
23517
23515
23506
23505
23494
23485
23484
23472
23468
23463
23455
23455
23451
23446
23422
23417
23414
23414
23413
23412
23399
23395
23390
23380
23377
23372
23372
23362
23349
23346
23340
23338
23332
23330
23330
23322
23317
23307
23307
23301
23299
23293
23288
23287
23283
23280
23279
23262
23247
23241
23238
23233
23218
23218
23210
23208
23205
23198
23192
23190
23181
23170
23161
23161
23159
23154
23154
23153
23151
23147
23138
23135
23134
23133
23132
23112
23107
23104
23099
23097
23095
23087
23086
23084
23082
23075
23069
23052
23045
23042
23041
23039
23037
23030
23020
23020
23018
23014
23014
23007
22996
22994
22990
22985
22978
22970
22966
22964
22960
22947
22940
22935
22933
22929
22926
22924
22914
22898
22898
22893
22889
22885
22877
22875
22872
22866
22863
22863
22859
22845
22832
22818
22813
22812
22811
22810
22810
22807
22802
22799
22797
22778
22770
22768
22762
22758
22753
22753
22749
22747
22737
22727
22722
22714
22709
22708
22704
22696
22690
22677
22676
22668
22655
22640
22636
22633
22633
22614
22590
22589
22587
22586
22547
22544
22540
22540
22533
22531
22516
22516
22497
22491
22483
22479
22473
22464
22438
22437
22436
22429
22427
22427
22425
22422
22409
22405
22405
22404
22400
22394
22391
22388
22385
22385
22374
22360
22356
22352
22339
22337
22332
22320
22307
22300
22291
22289
22287
22277
22266
22260
22250
22248
22246
22241
22234
22228
22217
22204
22200
22198
22198
22196
22196
22157
22151
22151
22145
22144
22131
22127
22122
22112
22109
22101
22100
22096
22089
22088
22082
22077
22066
22066
22062
22058
22035
22032
22030
22019
22014
22008
22006
22003
21993
21993
21968
21964
21963
21941
21936
21925
21924
21921
21918
21911
21910
21909
21901
21900
21899
21880
21847
21846
21845
21845
21843
21832
21826
21819
21819
21819
21817
21815
21811
21804
21788
21784
21763
21759
21753
21733
21728
21710
21706
21705
21704
21697
21696
21690
21670
21668
21661
21649
21640
21610
21599
21582
21579
21574
21574
21569
21567
21560
21553
21551
21549
21542
21530
21528
21524
21523
21520
21512
21506
21505
21505
21504
21502
21495
21495
21485
21485
21480
21461
21449
21441
21438
21436
21431
21422
21421
21410
21402
21386
21383
21362
21354
21350
21347
21346
21343
21341
21337
21317
21303
21296
21294
21294
21291
21289
21278
21278
21274
21267
21262
21251
21232
21227
21225
21223
21216
21212
21209
21202
21198
21197
21185
21171
21163
21161
21158
21157
21151
21147
21147
21147
21146
21146
21140
21132
21132
21130
21130
21115
21107
21107
21105
21088
21085
21083
21067
21064
21060
21054
21048
21035
21034
21017
21015
21011
20994
20984
20980
20977
20975
20971
20967
20963
20959
20956
20949
20942
20939
20934
20930
20927
20925
20914
20908
20907
20904
20896
20893
20867
20860
20859
20838
20829
20829
20829
20822
20822
20817
20817
20808
20804
20801
20788
20786
20778
20776
20760
20754
20753
20748
20746
20743
20740
20737
20730
20725
20725
20713
20709
20692
20683
20682
20662
20652
20643
20638
20628
20601
20598
20595
20587
20584
20573
20562
20558
20545
20543
20536
20535
20532
20530
20527
20524
20521
20497
20493
20487
20486
20485
20484
20475
20471
20469
20468
20464
20463
20462
20448
20438
20419
20414
20412
20409
20408
20408
20405
20398
20395
20394
20394
20389
20385
20373
20363
20350
20340
20334
20313
20306
20306
20293
20292
20292
20288
20288
20283
20274
20271
20263
20246
20245
20239
20228
20223
20223
20221
20217
20210
20204
20198
20161
20158
20150
20144
20142
20137
20130
20129
20126
20122
20113
20110
20097
20096
20090
20084
20075
20063
20055
20045
20040
20037
20035
20015
20014
20007
20004
20000
19986
19979
19973
19970
19966
19963
19962
19955
19955
19952
19951
19940
19938
19932
19927
19905
19900
19896
19893
19889
19864
19858
19854
19841
19832
19819
19819
19807
19791
19779
19779
19774
19757
19750
19740
19739
19733
19731
19727
19713
19700
19692
19691
19690
19689
19666
19664
19645
19644
19642
19641
19632
19625
19623
19614
19613
19611
19610
19608
19605
19598
19579
19574
19572
19570
19568
19564
19562
19561
19560
19553
19552
19544
19534
19534
19532
19530
19528
19504
19477
19455
19451
19449
19433
19429
19428
19423
19421
19417
19415
19414
19404
19400
19397
19394
19380
19378
19378
19377
19373
19372
19368
19367
19364
19348
19342
19341
19336
19336
19334
19321
19321
19318
19316
19306
19302
19302
19300
19298
19297
19286
19280
19279
19279
19276
19275
19274
19266
19265
19258
19252
19250
19246
19232
19231
19210
19205
19200
19199
19198
19192
19190
19180
19168
19157
19156
19146
19142
19141
19137
19118
19103
19101
19090
19086
19078
19073
19073
19068
19055
19054
19038
19029
19026
19021
19020
19015
18980
18978
18971
18970
18968
18957
18954
18952
18932
18916
18898
18890
18881
18872
18861
18860
18858
18852
18851
18844
18828
18825
18823
18818
18813
18811
18809
18803
18790
18782
18777
18774
18742
18729
18729
18727
18727
18722
18720
18719
18698
18687
18685
18682
18678
18678
18664
18649
18647
18643
18642
18638
18636
18630
18627
18626
18616
18611
18609
18597
18579
18575
18568
18568
18562
18557
18550
18548
18522
18512
18511
18500
18496
18494
18491
18482
18479
18478
18474
18470
18461
18455
18452
18450
18447
18445
18442
18439
18437
18433
18419
18418
18406
18405
18388
18359
18348
18339
18327
18326
18314
18306
18301
18299
18286
18278
18267
18267
18258
18248
18239
18203
18201
18173
18171
18170
18153
18141
18137
18123
18120
18115
18102
18099
18095
18092
18090
18079
18078
18075
18049
18026
18020
18016
18015
18013
18006
17992
17986
17978
17977
17976
17970
17950
17940
17939
17931
17926
17926
17911
17904
17899
17889
17888
17885
17874
17864
17842
17841
17838
17836
17826
17815
17807
17804
17803
17783
17771
17764
17764
17754
17753
17750
17747
17743
17741
17735
17733
17724
17717
17708
17705
17705
17692
17691
17682
17666
17665
17656
17642
17634
17630
17625
17624
17623
17614
17612
17610
17606
17598
17585
17568
17568
17567
17551
17548
17539
17524
17520
17515
17515
17512
17511
17507
17504
17501
17498
17490
17490
17481
17478
17440
17438
17432
17423
17421
17415
17412
17404
17403
17402
17398
17382
17377
17373
17370
17369
17364
17358
17356
17352
17342
17340
17330
17327
17310
17309
17305
17287
17286
17283
17274
17264
17258
17254
17244
17242
17231
17229
17220
17220
17212
17212
17208
17205
17200
17192
17182
17180
17148
17148
17138
17128
17122
17107
17101
17098
17089
17068
17066
17064
17060
17058
17054
17053
17053
17047
17043
17038
17022
17016
17014
16994
16977
16975
16974
16972
16966
16955
16953
16948
16926
16924
16923
16919
16917
16917
16914
16904
16889
16886
16882
16877
16875
16873
16872
16866
16862
16851
16850
16846
16845
16838
16837
16837
16831
16830
16828
16825
16809
16800
16791
16790
16786
16785
16777
16764
16761
16753
16751
16747
16741
16736
16735
16716
16715
16707
16705
16703
16702
16690
16683
16675
16664
16658
16657
16653
16649
16642
16640
16636
16634
16631
16629
16628
16616
16613
16596
16596
16595
16589
16588
16580
16579
16572
16571
16571
16569
16551
16548
16547
16536
16528
16524
16510
16508
16488
16472
16465
16456
16454
16454
16451
16450
16444
16425
16425
16423
16413
16408
16394
16394
16388
16382
16382
16347
16347
16342
16319
16319
16301
16300
16300
16299
16273
16255
16243
16232
16223
16216
16214
16214
16158
16153
16144
16143
16140
16135
16129
16113
16111
16111
16110
16080
16080
16068
16066
16064
16063
16062
16038
16029
16024
16024
16017
16014
16010
16005
15997
15993
15993
15987
15969
15967
15967
15967
15960
15948
15947
15935
15934
15926
15921
15915
15912
15901
15893
15878
15874
15865
15861
15856
15853
15852
15851
15837
15836
15824
15801
15798
15787
15784
15782
15778
15776
15776
15774
15765
15749
15746
15741
15739
15734
15732
15731
15718
15716
15716
15667
15664
15662
15652
15637
15631
15630
15629
15621
15604
15594
15593
15579
15569
15561
15557
15553
15547
15547
15539
15539
15538
15532
15531
15522
15514
15504
15503
15495
15485
15482
15471
15469
15468
15450
15421
15417
15415
15402
15391
15388
15362
15360
15359
15344
15326
15318
15309
15260
15255
15245
15241
15239
15228
15199
15190
15187
15183
15182
15180
15178
15176
15175
15165
15156
15133
15123
15122
15122
15120
15119
15100
15086
15080
15079
15076
15068
15049
15042
15033
15030
15025
15020
15011
15005
14998
14992
14985
14980
14967
14943
14941
14911
14908
14907
14897
14895
14894
14884
14879
14877
14875
14866
14855
14852
14847
14836
14831
14818
14817
14811
14806
14768
14762
14731
14723
14722
14718
14711
14704
14701
14693
14677
14658
14645
14644
14643
14638
14636
14635
14634
14622
14619
14614
14611
14605
14601
14599
14594
14587
14585
14566
14561
14559
14557
14556
14555
14548
14542
14527
14512
14508
14503
14499
14494
14491
14478
14473
14471
14467
14467
14457
14456
14447
14444
14442
14436
14435
14433
14422
14420
14417
14416
14409
14407
14400
14388
14376
14374
14363
14361
14345
14342
14340
14335
14329
14314
14311
14309
14303
14302
14301
14295
14290
14288
14283
14282
14281
14279
14267
14243
14241
14231
14225
14219
14200
14188
14187
14183
14179
14162
14160
14160
14158
14155
14149
14145
14145
14145
14139
14139
14132
14126
14119
14100
14099
14087
14083
14079
14078
14078
14076
14075
14064
14064
14063
14057
14039
14034
14025
14011
14009
14005
14004
13999
13993
13990
13987
13975
13961
13933
13917
13909
13900
13896
13893
13886
13871
13865
13860
13851
13850
13847
13842
13834
13831
13827
13820
13817
13816
13808
13806
13800
13790
13781
13764
13754
13738
13724
13723
13714
13708
13708
13690
13689
13676
13674
13674
13667
13661
13657
13650
13646
13624
13619
13615
13611
13600
13579
13570
13533
13525
13515
13514
13502
13501
13501
13498
13494
13493
13489
13488
13485
13484
13474
13473
13470
13464
13458
13453
13448
13435
13422
13421
13421
13419
13413
13410
13409
13409
13390
13389
13383
13376
13375
13373
13362
13348
13342
13331
13317
13313
13313
13303
13282
13279
13263
13244
13217
13216
13207
13193
13190
13162
13160
13159
13148
13145
13125
13121
13116
13114
13107
13105
13091
13083
13083
13065
13052
13050
13046
13045
13042
13038
13035
13025
13024
13015
13009
12997
12989
12983
12974
12970
12964
12955
12948
12939
12935
12930
12928
12923
12920
12916
12911
12886
12886
12886
12881
12866
12861
12843
12838
12830
12829
12822
12822
12821
12810
12799
12799
12797
12793
12786
12783
12780
12779
12774
12768
12759
12736
12701
12700
12692
12692
12685
12682
12677
12676
12673
12670
12663
12661
12654
12637
12634
12617
12614
12602
12600
12595
12594
12576
12570
12549
12546
12538
12527
12525
12507
12506
12502
12501
12499
12482
12479
12471
12470
12465
12455
12448
12440
12433
12426
12408
12399
12399
12380
12378
12377
12375
12370
12354
12343
12341
12323
12319
12317
12307
12290
12289
12288
12283
12280
12280
12270
12270
12257
12252
12240
12239
12223
12220
12215
12213
12205
12193
12181
12179
12178
12176
12175
12174
12170
12164
12154
12152
12133
12132
12130
12120
12115
12113
12098
12093
12076
12072
12068
12067
12064
12047
12046
12046
12013
12013
12007
12005
11991
11986
11985
11958
11957
11923
11918
11916
11913
11902
11896
11891
11877
11870
11869
11861
11857
11856
11849
11848
11837
11830
11823
11812
11812
11811
11805
11798
11788
11786
11785
11773
11764
11761
11755
11752
11748
11748
11738
11736
11732
11732
11719
11714
11713
11700
11694
11688
11686
11685
11678
11671
11667
11662
11658
11654
11650
11647
11645
11642
11629
11613
11606
11603
11598
11591
11590
11568
11566
11558
11546
11544
11502
11500
11496
11488
11480
11475
11475
11474
11466
11455
11454
11451
11447
11446
11437
11418
11409
11409
11409
11393
11393
11391
11362
11360
11359
11358
11355
11353
11350
11342
11339
11336
11332
11325
11314
11304
11294
11291
11285
11274
11272
11264
11255
11250
11243
11223
11217
11200
11195
11195
11194
11193
11191
11188
11186
11186
11177
11170
11162
11104
11102
11079
11078
11072
11069
11067
11046
11042
11037
11031
11004
10992
10962
10958
10950
10946
10942
10942
10938
10931
10907
10906
10903
10894
10888
10878
10864
10854
10848
10847
10845
10843
10841
10828
10819
10805
10789
10759
10757
10744
10726
10715
10714
10713
10705
10695
10687
10686
10673
10670
10660
10648
10645
10643
10642
10636
10627
10613
10600
10582
10578
10570
10551
10541
10534
10534
10522
10511
10508
10502
10486
10476
10472
10469
10449
10448
10444
10440
10396
10396
10387
10387
10379
10379
10371
10371
10370
10366
10358
10341
10328
10323
10311
10309
10304
10296
10291
10291
10287
10283
10275
10268
10267
10254
10240
10236
10233
10231
10227
10215
10211
10197
10185
10177
10171
10168
10157
10148
10141
10139
10131
10122
10121
10114
10113
10113
10113
10109
10104
10100
10070
10067
10064
10064
10048
10047
10037
10034
10028
10026
10026
10011
9998
9995
9989
9982
9974
9973
9964
9936
9927
9927
9925
9921
9918
9910
9907
9905
9902
9891
9882
9872
9862
9860
9842
9836
9823
9819
9808
9781
9781
9766
9763
9760
9749
9741
9739
9736
9726
9706
9690
9684
9657
9656
9656
9633
9632
9626
9622
9622
9614
9613
9588
9565
9564
9561
9545
9543
9536
9532
9531
9527
9523
9517
9516
9505
9494
9490
9489
9481
9477
9473
9469
9469
9458
9451
9446
9445
9433
9431
9429
9429
9398
9393
9390
9388
9385
9369
9363
9356
9350
9347
9343
9339
9325
9318
9317
9315
9313
9311
9306
9264
9248
9246
9244
9236
9235
9227
9225
9209
9208
9202
9198
9196
9194
9192
9191
9189
9182
9175
9174
9166
9164
9150
9150
9143
9143
9117
9113
9113
9111
9107
9085
9085
9067
9065
9058
9057
9048
9034
9021
9019
9013
9012
9006
9006
9003
9003
8980
8979
8967
8963
8956
8955
8953
8949
8938
8934
8923
8918
8914
8911
8906
8897
8891
8890
8885
8883
8880
8873
8870
8868
8864
8844
8843
8842
8842
8833
8832
8828
8828
8827
8827
8819
8814
8813
8813
8813
8794
8786
8774
8774
8771
8765
8761
8747
8743
8741
8731
8727
8723
8713
8712
8710
8696
8680
8679
8669
8668
8662
8660
8655
8642
8636
8616
8608
8605
8602
8597
8589
8582
8577
8561
8543
8541
8504
8495
8492
8483
8476
8474
8469
8466
8465
8449
8431
8423
8416
8411
8398
8397
8389
8386
8376
8367
8359
8356
8356
8338
8330
8326
8308
8292
8290
8290
8288
8286
8279
8264
8263
8263
8258
8256
8245
8235
8232
8229
8229
8224
8212
8197
8194
8194
8191
8189
8184
8179
8164
8150
8138
8134
8125
8119
8107
8103
8093
8083
8059
8053
8049
8048
8046
8037
8033
8029
8029
8024
8020
8020
8012
8011
8000
7993
7954
7935
7928
7923
7922
7897
7882
7862
7861
7861
7857
7843
7826
7824
7820
7820
7819
7817
7810
7796
7790
7783
7779
7776
7774
7763
7763
7744
7743
7739
7734
7732
7721
7702
7698
7695
7693
7688
7683
7670
7662
7658
7657
7633
7632
7631
7628
7623
7615
7603
7596
7594
7589
7589
7580
7578
7575
7571
7561
7559
7548
7539
7529
7516
7499
7491
7456
7454
7451
7449
7444
7442
7438
7420
7417
7415
7413
7405
7403
7393
7390
7388
7387
7382
7365
7356
7356
7350
7350
7344
7343
7340
7330
7328
7306
7303
7296
7288
7283
7281
7276
7272
7262
7252
7227
7220
7209
7197
7193
7185
7179
7172
7160
7156
7153
7149
7149
7145
7145
7144
7143
7140
7134
7131
7120
7119
7119
7114
7114
7101
7075
7075
7065
7065
7057
7055
7054
7052
7046
7045
7027
7023
6999
6993
6985
6977
6975
6961
6959
6941
6936
6935
6929
6929
6922
6917
6915
6913
6912
6887
6886
6882
6869
6852
6844
6837
6834
6828
6827
6825
6804
6786
6784
6765
6762
6759
6753
6745
6745
6734
6733
6729
6728
6718
6712
6695
6685
6659
6659
6653
6651
6641
6627
6622
6618
6616
6612
6600
6599
6598
6597
6589
6586
6577
6577
6567
6553
6550
6542
6532
6525
6522
6514
6509
6504
6503
6496
6483
6472
6472
6466
6460
6445
6443
6426
6418
6417
6394
6387
6379
6363
6360
6356
6346
6335
6333
6326
6296
6295
6292
6287
6283
6276
6272
6267
6266
6265
6263
6258
6250
6248
6246
6230
6230
6217
6206
6202
6200
6196
6193
6184
6177
6176
6171
6139
6138
6131
6131
6129
6129
6127
6120
6116
6108
6107
6105
6105
6094
6084
6083
6081
6061
6038
6026
6022
6009
6005
6001
5988
5954
5952
5952
5951
5950
5945
5940
5940
5935
5934
5932
5926
5925
5909
5907
5904
5898
5890
5886
5884
5883
5879
5876
5873
5870
5867
5860
5858
5854
5851
5850
5842
5837
5834
5823
5823
5822
5819
5815
5808
5807
5805
5795
5792
5768
5762
5756
5755
5740
5739
5738
5729
5727
5726
5724
5717
5717
5716
5710
5708
5702
5702
5679
5678
5665
5654
5649
5645
5645
5640
5635
5630
5630
5624
5623
5617
5615
5609
5600
5593
5591
5591
5590
5583
5576
5575
5565
5553
5550
5547
5538
5535
5533
5530
5530
5530
5510
5508
5484
5484
5480
5477
5471
5467
5466
5459
5456
5450
5445
5444
5422
5415
5409
5401
5395
5392
5384
5366
5350
5346
5340
5340
5331
5318
5313
5312
5310
5302
5301
5297
5295
5277
5277
5263
5238
5238
5235
5234
5231
5229
5225
5224
5221
5200
5197
5195
5194
5160
5157
5154
5147
5144
5136
5131
5131
5130
5128
5101
5101
5085
5082
5074
5068
5057
5042
5034
5019
5017
5016
5011
4989
4978
4978
4968
4962
4961
4960
4958
4958
4947
4941
4933
4933
4931
4916
4915
4914
4894
4894
4889
4884
4834
4823
4822
4786
4776
4768
4760
4756
4753
4736
4733
4730
4723
4720
4720
4718
4709
4705
4703
4687
4685
4684
4671
4668
4666
4658
4658
4653
4651
4649
4646
4645
4643
4641
4635
4608
4606
4603
4592
4581
4573
4570
4567
4565
4548
4535
4526
4502
4500
4497
4495
4493
4484
4483
4480
4475
4472
4471
4461
4458
4441
4440
4438
4438
4430
4427
4423
4419
4417
4408
4403
4396
4394
4385
4384
4381
4377
4373
4369
4361
4359
4355
4349
4345
4345
4339
4322
4317
4309
4307
4291
4290
4279
4279
4262
4255
4254
4248
4220
4216
4212
4192
4180
4179
4178
4174
4170
4169
4156
4149
4147
4139
4136
4127
4125
4121
4110
4108
4103
4099
4087
4083
4073
4072
4046
4039
4030
4024
4020
4017
4015
4015
4010
4009
3989
3987
3984
3983
3977
3967
3963
3960
3956
3951
3950
3948
3945
3943
3939
3931
3929
3908
3897
3894
3887
3879
3864
3863
3862
3857
3854
3829
3819
3814
3812
3804
3783
3776
3773
3756
3745
3735
3727
3726
3724
3715
3714
3710
3709
3701
3699
3698
3692
3689
3688
3668
3662
3660
3652
3642
3631
3626
3623
3618
3615
3611
3607
3604
3602
3600
3593
3591
3585
3585
3583
3578
3575
3574
3561
3553
3541
3540
3536
3519
3517
3515
3510
3504
3489
3488
3484
3465
3438
3434
3427
3426
3422
3421
3418
3408
3396
3390
3386
3381
3351
3351
3350
3348
3348
3345
3301
3298
3298
3276
3264
3256
3252
3251
3240
3236
3235
3230
3202
3200
3189
3184
3183
3182
3171
3168
3163
3161
3149
3144
3139
3130
3124
3115
3112
3103
3103
3101
3094
3088
3088
3086
3085
3084
3062
3058
3054
3046
3035
3029
3021
3020
3018
3017
3010
3006
3006
3005
3001
2998
2995
2990
2985
2984
2981
2971
2965
2964
2961
2960
2957
2951
2949
2946
2933
2932
2923
2921
2917
2897
2894
2893
2872
2866
2862
2839
2825
2825
2821
2821
2814
2810
2798
2795
2789
2784
2776
2773
2765
2749
2749
2744
2732
2732
2724
2714
2704
2702
2697
2694
2693
2690
2690
2687
2685
2675
2675
2673
2672
2661
2658
2657
2655
2647
2646
2641
2633
2601
2594
2593
2590
2586
2572
2566
2563
2560
2555
2548
2541
2540
2533
2524
2518
2513
2505
2496
2496
2489
2472
2468
2468
2460
2450
2443
2442
2441
2440
2423
2422
2418
2412
2410
2406
2404
2383
2381
2367
2362
2350
2349
2345
2338
2333
2322
2305
2298
2275
2272
2267
2265
2255
2253
2244
2242
2218
2215
2214
2210
2202
2196
2195
2190
2186
2181
2179
2176
2176
2176
2175
2163
2154
2139
2134
2132
2129
2128
2118
2110
2104
2094
2089
2086
2083
2082
2082
2081
2069
2063
2062
2050
2037
2034
2034
2030
2014
2012
2012
2002
2000
1997
1994
1982
1980
1978
1978
1967
1958
1941
1933
1904
1899
1897
1895
1891
1884
1857
1852
1850
1845
1838
1834
1824
1819
1813
1788
1782
1775
1763
1760
1758
1745
1733
1730
1729
1722
1718
1712
1712
1700
1699
1693
1684
1679
1677
1672
1671
1653
1650
1642
1640
1635
1631
1628
1621
1620
1611
1605
1601
1599
1597
1591
1588
1588
1587
1578
1562
1560
1560
1558
1554
1549
1549
1546
1540
1538
1537
1536
1525
1501
1491
1489
1486
1476
1475
1442
1429
1426
1420
1419
1417
1417
1416
1401
1399
1387
1386
1375
1367
1365
1364
1361
1356
1340
1333
1318
1317
1311
1309
1308
1291
1286
1284
1280
1275
1264
1263
1244
1237
1230
1222
1217
1194
1178
1177
1171
1165
1161
1154
1152
1135
1128
1117
1110
1102
1098
1081
1079
1053
1049
1042
1041
1038
1031
995
986
983
969
966
957
956
953
949
947
936
928
922
920
912
899
896
894
885
879
877
852
849
845
838
835
824
810
807
791
782
769
762
754
746
732
730
729
726
722
716
701
677
674
667
661
652
650
643
637
631
617
612
605
602
595
560
549
543
541
540
526
524
517
501
480
474
469
466
460
449
447
446
439
437
435
428
428
422
422
414
378
371
359
354
353
339
334
333
330
316
314
310
309
297
274
270
268
263
259
251
240
227
223
214
209
206
201
197
195
190
189
189
189
186
167
163
160
159
157
156
156
153
150
150
115
103
102
99
96
94
84
83
79
71
68
61
60
58
47
45
43
19
15
11
11
5
4
-4
-12
-16
-16
-33
-34
-38
-38
-38
-43
-43
-44
-47
-52
-52
-66
-74
-94
-101
-113
-121
-136
-140
-143
-144
-146
-147
-147
-151
-155
-155
-168
-171
-172
-174
-185
-185
-200
-202
-218
-221
-225
-229
-231
-251
-252
-253
-256
-257
-259
-269
-272
-284
-295
-301
-304
-313
-315
-336
-340
-341
-344
-352
-356
-357
-374
-408
-415
-415
-416
-424
-447
-448
-457
-463
-465
-465
-468
-472
-477
-491
-495
-498
-505
-507
-510
-514
-515
-517
-524
-530
-535
-536
-540
-541
-542
-564
-586
-597
-600
-600
-602
-609
-613
-618
-625
-662
-662
-663
-664
-664
-689
-695
-700
-714
-728
-732
-734
-743
-747
-750
-757
-762
-765
-777
-788
-788
-810
-816
-824
-831
-841
-845
-847
-855
-858
-867
-883
-884
-890
-895
-906
-908
-908
-912
-923
-926
-927
-936
-944
-946
-948
-953
-976
-978
-984
-1000
-1002
-1006
-1015
-1021
-1024
-1034
-1040
-1046
-1062
-1074
-1084
-1106
-1108
-1118
-1121
-1127
-1135
-1139
-1159
-1159
-1160
-1169
-1175
-1183
-1187
-1188
-1190
-1201
-1213
-1214
-1215
-1223
-1249
-1250
-1250
-1259
-1262
-1269
-1272
-1282
-1294
-1296
-1301
-1307
-1312
-1317
-1321
-1323
-1330
-1335
-1342
-1347
-1350
-1368
-1399
-1409
-1422
-1436
-1442
-1444
-1444
-1445
-1447
-1447
-1448
-1455
-1460
-1475
-1483
-1485
-1501
-1502
-1509
-1511
-1522
-1530
-1530
-1550
-1554
-1557
-1559
-1567
-1569
-1576
-1581
-1584
-1585
-1586
-1589
-1590
-1596
-1601
-1601
-1605
-1608
-1611
-1612
-1623
-1624
-1633
-1635
-1639
-1639
-1654
-1658
-1661
-1675
-1683
-1684
-1693
-1696
-1700
-1702
-1704
-1712
-1745
-1746
-1753
-1761
-1765
-1772
-1773
-1785
-1788
-1791
-1807
-1827
-1873
-1876
-1886
-1886
-1895
-1904
-1905
-1908
-1913
-1923
-1940
-1950
-1957
-1957
-1969
-1971
-1979
-1992
-1993
-1996
-2006
-2010
-2025
-2032
-2045
-2047
-2048
-2057
-2063
-2074
-2079
-2079
-2086
-2086
-2093
-2099
-2106
-2111
-2117
-2120
-2128
-2132
-2132
-2137
-2149
-2161
-2167
-2168
-2177
-2180
-2191
-2194
-2201
-2201
-2211
-2211
-2217
-2225
-2230
-2244
-2265
-2268
-2269
-2288
-2296
-2308
-2315
-2345
-2364
-2369
-2378
-2379
-2383
-2383
-2384
-2392
-2398
-2409
-2409
-2414
-2421
-2426
-2432
-2439
-2440
-2450
-2464
-2467
-2470
-2473
-2474
-2476
-2487
-2493
-2494
-2501
-2502
-2510
-2512
-2524
-2526
-2536
-2538
-2545
-2555
-2558
-2562
-2563
-2573
-2576
-2583
-2587
-2590
-2601
-2602
-2604
-2608
-2611
-2620
-2641
-2647
-2660
-2661
-2668
-2670
-2682
-2686
-2690
-2694
-2720
-2728
-2732
-2732
-2734
-2738
-2748
-2748
-2749
-2751
-2758
-2766
-2768
-2771
-2773
-2800
-2808
-2818
-2819
-2827
-2828
-2829
-2832
-2833
-2851
-2860
-2869
-2885
-2889
-2890
-2894
-2900
-2903
-2906
-2927
-2927
-2952
-2954
-2956
-2968
-2969
-2972
-2974
-2975
-2978
-2980
-3010
-3013
-3021
-3045
-3063
-3081
-3083
-3087
-3091
-3098
-3103
-3116
-3121
-3122
-3131
-3142
-3149
-3156
-3167
-3177
-3190
-3205
-3207
-3208
-3208
-3224
-3228
-3238
-3240
-3251
-3252
-3252
-3253
-3255
-3263
-3270
-3272
-3279
-3301
-3318
-3333
-3333
-3333
-3349
-3350
-3353
-3386
-3403
-3404
-3405
-3410
-3413
-3415
-3425
-3452
-3479
-3481
-3491
-3494
-3500
-3500
-3509
-3527
-3528
-3529
-3561
-3566
-3577
-3577
-3589
-3598
-3602
-3617
-3618
-3641
-3650
-3682
-3687
-3696
-3707
-3713
-3714
-3716
-3724
-3727
-3728
-3739
-3746
-3751
-3762
-3775
-3775
-3779
-3784
-3789
-3791
-3796
-3801
-3808
-3816
-3821
-3826
-3827
-3841
-3842
-3844
-3847
-3847
-3863
-3865
-3868
-3883
-3891
-3900
-3900
-3905
-3915
-3916
-3919
-3922
-3930
-3931
-3935
-3938
-3940
-3944
-3948
-3949
-3949
-3957
-3959
-3959
-3963
-3968
-3978
-3980
-3994
-3996
-3997
-4020
-4022
-4023
-4026
-4026
-4030
-4037
-4039
-4042
-4042
-4044
-4047
-4055
-4067
-4075
-4079
-4089
-4107
-4120
-4122
-4131
-4133
-4160
-4161
-4164
-4167
-4169
-4170
-4174
-4189
-4197
-4199
-4204
-4205
-4216
-4226
-4235
-4237
-4254
-4255
-4275
-4275
-4277
-4285
-4290
-4290
-4293
-4301
-4301
-4305
-4334
-4344
-4347
-4347
-4349
-4355
-4359
-4366
-4368
-4371
-4374
-4375
-4375
-4376
-4397
-4398
-4399
-4419
-4419
-4420
-4424
-4429
-4433
-4446
-4453
-4458
-4465
-4469
-4469
-4479
-4479
-4490
-4501
-4507
-4507
-4512
-4512
-4512
-4512
-4517
-4520
-4521
-4521
-4525
-4533
-4537
-4537
-4537
-4547
-4553
-4570
-4573
-4579
-4587
-4589
-4619
-4627
-4630
-4631
-4632
-4633
-4635
-4645
-4647
-4647
-4649
-4652
-4654
-4672
-4677
-4698
-4699
-4700
-4706
-4714
-4723
-4737
-4747
-4750
-4751
-4753
-4779
-4830
-4856
-4859
-4859
-4870
-4871
-4876
-4877
-4880
-4881
-4891
-4892
-4898
-4898
-4905
-4905
-4907
-4916
-4929
-4935
-4962
-4963
-4976
-5000
-5010
-5019
-5031
-5035
-5040
-5058
-5059
-5070
-5070
-5076
-5080
-5084
-5090
-5104
-5111
-5112
-5117
-5118
-5119
-5121
-5127
-5132
-5133
-5141
-5159
-5159
-5159
-5166
-5173
-5181
-5194
-5196
-5199
-5200
-5200
-5207
-5212
-5215
-5223
-5225
-5236
-5241
-5247
-5253
-5280
-5287
-5290
-5298
-5300
-5312
-5318
-5333
-5338
-5341
-5344
-5359
-5360
-5361
-5365
-5371
-5377
-5387
-5390
-5408
-5413
-5422
-5424
-5435
-5439
-5444
-5453
-5461
-5463
-5477
-5483
-5484
-5491
-5494
-5495
-5518
-5524
-5526
-5543
-5547
-5553
-5583
-5597
-5601
-5601
-5604
-5605
-5611
-5613
-5615
-5619
-5650
-5658
-5660
-5676
-5686
-5696
-5707
-5711
-5724
-5753
-5771
-5772
-5772
-5776
-5777
-5782
-5783
-5786
-5795
-5795
-5796
-5798
-5806
-5811
-5814
-5817
-5825
-5826
-5840
-5841
-5842
-5846
-5855
-5875
-5883
-5893
-5897
-5917
-5925
-5928
-5934
-5944
-5944
-5970
-5975
-5988
-5997
-6002
-6018
-6034
-6040
-6040
-6051
-6063
-6069
-6097
-6104
-6117
-6120
-6122
-6124
-6129
-6132
-6136
-6153
-6159
-6164
-6180
-6182
-6185
-6189
-6196
-6207
-6212
-6213
-6216
-6218
-6220
-6224
-6233
-6236
-6239
-6239
-6241
-6244
-6253
-6253
-6261
-6271
-6274
-6276
-6280
-6286
-6286
-6299
-6304
-6311
-6319
-6332
-6335
-6345
-6351
-6358
-6369
-6374
-6375
-6377
-6379
-6380
-6402
-6405
-6409
-6411
-6422
-6424
-6424
-6425
-6426
-6427
-6448
-6448
-6452
-6457
-6467
-6475
-6479
-6485
-6487
-6509
-6554
-6560
-6570
-6589
-6596
-6598
-6605
-6605
-6611
-6612
-6615
-6624
-6638
-6656
-6663
-6666
-6673
-6678
-6683
-6687
-6701
-6707
-6718
-6726
-6736
-6736
-6738
-6739
-6742
-6745
-6756
-6760
-6768
-6773
-6776
-6777
-6788
-6789
-6792
-6795
-6799
-6801
-6811
-6811
-6815
-6825
-6826
-6831
-6834
-6845
-6851
-6864
-6867
-6868
-6879
-6884
-6894
-6914
-6916
-6917
-6940
-6947
-6950
-7000
-7006
-7008
-7010
-7013
-7019
-7027
-7029
-7039
-7045
-7059
-7082
-7092
-7108
-7113
-7115
-7125
-7127
-7139
-7143
-7143
-7148
-7158
-7164
-7171
-7177
-7197
-7205
-7210
-7212
-7214
-7230
-7234
-7239
-7239
-7241
-7241
-7243
-7248
-7259
-7264
-7268
-7270
-7270
-7273
-7285
-7293
-7301
-7302
-7303
-7306
-7306
-7319
-7329
-7331
-7343
-7349
-7350
-7352
-7374
-7379
-7386
-7394
-7396
-7408
-7423
-7425
-7427
-7430
-7434
-7439
-7439
-7441
-7455
-7459
-7464
-7467
-7480
-7483
-7483
-7491
-7499
-7503
-7510
-7513
-7515
-7517
-7521
-7523
-7524
-7526
-7539
-7555
-7560
-7565
-7571
-7579
-7584
-7589
-7592
-7612
-7616
-7621
-7622
-7642
-7666
-7679
-7681
-7695
-7697
-7707
-7713
-7736
-7742
-7751
-7762
-7763
-7764
-7766
-7772
-7776
-7783
-7812
-7816
-7817
-7818
-7829
-7839
-7852
-7880
-7882
-7882
-7883
-7891
-7896
-7903
-7910
-7911
-7939
-7941
-7955
-7956
-7971
-7983
-7983
-7983
-7984
-7992
-8010
-8011
-8021
-8023
-8033
-8044
-8056
-8058
-8066
-8073
-8078
-8086
-8097
-8099
-8100
-8106
-8117
-8129
-8136
-8145
-8146
-8150
-8166
-8171
-8184
-8184
-8186
-8189
-8191
-8194
-8217
-8221
-8223
-8244
-8245
-8253
-8260
-8269
-8269
-8282
-8289
-8295
-8302
-8303
-8314
-8316
-8320
-8322
-8323
-8324
-8325
-8326
-8333
-8334
-8341
-8352
-8355
-8356
-8357
-8367
-8371
-8392
-8394
-8397
-8402
-8404
-8407
-8413
-8428
-8430
-8437
-8437
-8439
-8445
-8457
-8459
-8461
-8470
-8471
-8472
-8481
-8490
-8494
-8501
-8502
-8507
-8513
-8516
-8518
-8518
-8542
-8549
-8554
-8558
-8560
-8565
-8579
-8582
-8583
-8606
-8606
-8617
-8619
-8625
-8639
-8654
-8655
-8666
-8672
-8684
-8694
-8696
-8699
-8705
-8712
-8713
-8732
-8736
-8764
-8768
-8771
-8772
-8778
-8780
-8781
-8781
-8788
-8795
-8800
-8801
-8805
-8814
-8826
-8829
-8843
-8852
-8854
-8856
-8857
-8872
-8882
-8883
-8884
-8886
-8889
-8893
-8906
-8906
-8916
-8918
-8935
-8937
-8938
-8944
-8947
-8949
-8960
-8971
-8972
-8974
-8975
-8977
-8985
-9017
-9021
-9035
-9038
-9040
-9046
-9049
-9051
-9052
-9053
-9064
-9066
-9072
-9073
-9075
-9084
-9085
-9104
-9105
-9109
-9109
-9111
-9114
-9117
-9117
-9119
-9153
-9166
-9166
-9174
-9181
-9191
-9191
-9223
-9226
-9228
-9234
-9238
-9251
-9252
-9260
-9267
-9278
-9281
-9286
-9316
-9319
-9330
-9340
-9342
-9344
-9344
-9347
-9348
-9351
-9363
-9377
-9384
-9385
-9398
-9408
-9410
-9417
-9421
-9424
-9431
-9433
-9433
-9446
-9447
-9450
-9469
-9477
-9483
-9489
-9491
-9492
-9499
-9500
-9505
-9515
-9517
-9517
-9523
-9535
-9543
-9547
-9548
-9558
-9559
-9560
-9563
-9573
-9575
-9575
-9577
-9577
-9591
-9603
-9606
-9609
-9610
-9623
-9627
-9641
-9642
-9647
-9647
-9649
-9672
-9674
-9675
-9678
-9682
-9686
-9702
-9704
-9705
-9706
-9709
-9711
-9717
-9718
-9726
-9726
-9727
-9745
-9753
-9759
-9779
-9784
-9784
-9787
-9798
-9801
-9801
-9812
-9817
-9819
-9821
-9824
-9835
-9847
-9848
-9848
-9849
-9854
-9854
-9869
-9877
-9879
-9879
-9885
-9892
-9892
-9895
-9897
-9907
-9914
-9916
-9918
-9921
-9931
-9935
-9938
-9939
-9953
-9956
-9980
-9989
-10002
-10003
-10003
-10020
-10025
-10026
-10031
-10031
-10042
-10046
-10047
-10049
-10050
-10052
-10054
-10078
-10079
-10095
-10097
-10101
-10104
-10110
-10110
-10125
-10128
-10130
-10140
-10145
-10153
-10154
-10155
-10156
-10174
-10175
-10176
-10177
-10182
-10184
-10188
-10192
-10202
-10202
-10221
-10222
-10225
-10232
-10232
-10234
-10249
-10250
-10253
-10256
-10268
-10272
-10291
-10297
-10298
-10301
-10303
-10308
-10315
-10319
-10320
-10330
-10331
-10353
-10356
-10360
-10366
-10370
-10392
-10398
-10399
-10422
-10433
-10441
-10444
-10445
-10445
-10454
-10464
-10468
-10475
-10476
-10478
-10478
-10479
-10490
-10494
-10495
-10496
-10498
-10504
-10509
-10543
-10554
-10559
-10563
-10573
-10580
-10587
-10591
-10594
-10596
-10601
-10608
-10613
-10630
-10631
-10636
-10645
-10680
-10694
-10694
-10698
-10702
-10712
-10748
-10765
-10769
-10775
-10778
-10782
-10783
-10787
-10790
-10796
-10796
-10802
-10806
-10827
-10842
-10845
-10845
-10850
-10862
-10872
-10881
-10892
-10918
-10928
-10939
-10948
-10952
-10954
-10956
-10965
-10968
-10988
-10996
-10997
-11011
-11016
-11022
-11022
-11023
-11028
-11033
-11040
-11042
-11054
-11057
-11063
-11067
-11072
-11072
-11080
-11083
-11091
-11091
-11096
-11101
-11106
-11112
-11124
-11128
-11130
-11138
-11142
-11142
-11159
-11160
-11163
-11172
-11172
-11202
-11206
-11207
-11213
-11213
-11225
-11228
-11258
-11270
-11271
-11275
-11275
-11283
-11286
-11295
-11303
-11305
-11332
-11332
-11349
-11350
-11353
-11367
-11372
-11375
-11388
-11390
-11391
-11395
-11396
-11398
-11432
-11451
-11457
-11471
-11476
-11484
-11523
-11526
-11529
-11535
-11554
-11566
-11576
-11577
-11579
-11579
-11581
-11582
-11586
-11594
-11595
-11597
-11599
-11608
-11614
-11614
-11616
-11616
-11621
-11624
-11631
-11633
-11646
-11647
-11661
-11662
-11667
-11668
-11677
-11678
-11681
-11687
-11690
-11699
-11701
-11702
-11716
-11720
-11726
-11729
-11732
-11750
-11764
-11764
-11771
-11774
-11809
-11810
-11814
-11816
-11821
-11837
-11857
-11870
-11871
-11873
-11875
-11883
-11888
-11895
-11911
-11931
-11933
-11936
-11939
-11943
-11944
-11950
-11954
-11957
-11960
-11972
-11972
-11979
-11986
-12006
-12009
-12009
-12010
-12012
-12013
-12021
-12030
-12046
-12055
-12056
-12058
-12058
-12074
-12077
-12080
-12082
-12084
-12094
-12096
-12100
-12106
-12112
-12113
-12122
-12126
-12128
-12136
-12143
-12147
-12153
-12199
-12227
-12237
-12240
-12242
-12250
-12265
-12272
-12291
-12299
-12299
-12301
-12301
-12302
-12314
-12315
-12333
-12338
-12346
-12347
-12351
-12358
-12360
-12361
-12380
-12383
-12386
-12399
-12403
-12409
-12410
-12410
-12418
-12419
-12420
-12438
-12438
-12438
-12444
-12445
-12448
-12450
-12453
-12454
-12464
-12483
-12490
-12492
-12498
-12498
-12504
-12508
-12520
-12521
-12525
-12531
-12532
-12532
-12534
-12535
-12549
-12550
-12558
-12562
-12576
-12579
-12581
-12583
-12593
-12596
-12605
-12611
-12617
-12623
-12626
-12627
-12635
-12638
-12639
-12644
-12646
-12646
-12651
-12653
-12683
-12693
-12694
-12711
-12723
-12727
-12727
-12737
-12746
-12754
-12759
-12761
-12763
-12763
-12771
-12773
-12775
-12793
-12793
-12811
-12814
-12818
-12833
-12834
-12842
-12843
-12849
-12849
-12853
-12861
-12867
-12868
-12871
-12874
-12875
-12877
-12879
-12879
-12884
-12926
-12941
-12944
-12948
-12954
-12976
-12988
-12992
-12994
-12995
-12997
-13001
-13010
-13024
-13042
-13045
-13051
-13052
-13063
-13063
-13065
-13067
-13069
-13079
-13088
-13088
-13090
-13093
-13104
-13110
-13116
-13119
-13120
-13128
-13136
-13136
-13141
-13146
-13149
-13152
-13165
-13172
-13172
-13183
-13188
-13190
-13211
-13212
-13228
-13231
-13233
-13233
-13237
-13242
-13246
-13258
-13258
-13263
-13270
-13272
-13272
-13277
-13278
-13280
-13280
-13287
-13299
-13315
-13316
-13317
-13319
-13323
-13324
-13325
-13326
-13343
-13343
-13356
-13357
-13360
-13393
-13396
-13403
-13407
-13409
-13418
-13436
-13439
-13440
-13440
-13446
-13447
-13448
-13451
-13467
-13483
-13488
-13492
-13513
-13513
-13520
-13525
-13547
-13550
-13550
-13551
-13554
-13557
-13588
-13589
-13597
-13599
-13604
-13613
-13632
-13640
-13645
-13647
-13656
-13657
-13662
-13674
-13678
-13680
-13683
-13689
-13693
-13704
-13714
-13731
-13732
-13737
-13752
-13756
-13758
-13765
-13780
-13784
-13804
-13833
-13833
-13846
-13855
-13876
-13879
-13884
-13890
-13892
-13898
-13905
-13906
-13915
-13916
-13927
-13930
-13933
-13941
-13950
-13956
-13963
-13963
-13971
-13972
-13984
-14008
-14022
-14033
-14034
-14034
-14047
-14081
-14082
-14083
-14102
-14108
-14110
-14116
-14133
-14136
-14159
-14160
-14172
-14184
-14185
-14212
-14216
-14219
-14222
-14224
-14238
-14241
-14241
-14243
-14247
-14254
-14256
-14276
-14282
-14286
-14289
-14307
-14315
-14325
-14331
-14331
-14336
-14338
-14352
-14361
-14370
-14373
-14376
-14391
-14391
-14397
-14407
-14425
-14427
-14436
-14438
-14439
-14448
-14448
-14452
-14456
-14463
-14465
-14471
-14477
-14481
-14484
-14489
-14500
-14513
-14516
-14520
-14529
-14532
-14533
-14538
-14547
-14555
-14556
-14561
-14568
-14570
-14576
-14580
-14601
-14631
-14637
-14638
-14639
-14640
-14646
-14646
-14650
-14654
-14659
-14661
-14666
-14677
-14678
-14690
-14695
-14704
-14717
-14721
-14741
-14744
-14746
-14750
-14751
-14751
-14752
-14756
-14768
-14779
-14780
-14794
-14802
-14806
-14813
-14822
-14827
-14832
-14837
-14854
-14858
-14859
-14862
-14870
-14879
-14886
-14888
-14898
-14907
-14909
-14936
-14950
-14951
-14959
-14959
-14964
-14966
-14968
-14973
-14979
-14980
-14992
-14993
-14996
-15005
-15014
-15026
-15037
-15051
-15058
-15062
-15070
-15071
-15071
-15073
-15074
-15075
-15093
-15095
-15109
-15111
-15113
-15128
-15138
-15143
-15156
-15163
-15169
-15180
-15192
-15193
-15198
-15203
-15227
-15231
-15246
-15249
-15254
-15260
-15263
-15271
-15274
-15276
-15292
-15292
-15306
-15307
-15314
-15315
-15318
-15332
-15337
-15342
-15348
-15352
-15352
-15358
-15374
-15377
-15381
-15382
-15384
-15395
-15396
-15406
-15409
-15411
-15419
-15428
-15440
-15442
-15443
-15445
-15450
-15451
-15464
-15464
-15469
-15472
-15474
-15488
-15497
-15499
-15514
-15515
-15519
-15534
-15547
-15550
-15567
-15567
-15571
-15572
-15576
-15582
-15582
-15591
-15593
-15597
-15619
-15619
-15628
-15659
-15678
-15683
-15684
-15690
-15697
-15705
-15709
-15717
-15718
-15722
-15724
-15728
-15741
-15745
-15748
-15766
-15767
-15768
-15777
-15778
-15790
-15791
-15791
-15796
-15808
-15816
-15823
-15824
-15839
-15851
-15863
-15892
-15900
-15902
-15908
-15919
-15919
-15921
-15925
-15931
-15938
-15940
-15941
-15942
-15942
-15952
-15956
-15964
-15973
-15986
-15994
-16004
-16005
-16014
-16019
-16022
-16024
-16048
-16064
-16071
-16112
-16113
-16119
-16124
-16130
-16136
-16140
-16145
-16161
-16164
-16168
-16176
-16178
-16187
-16189
-16191
-16194
-16197
-16198
-16198
-16201
-16214
-16216
-16216
-16219
-16244
-16247
-16331
-16331
-16339
-16339
-16351
-16354
-16357
-16363
-16366
-16366
-16367
-16371
-16380
-16381
-16382
-16385
-16390
-16394
-16411
-16416
-16424
-16445
-16450
-16457
-16460
-16470
-16471
-16475
-16475
-16481
-16484
-16487
-16490
-16492
-16493
-16505
-16509
-16518
-16519
-16522
-16541
-16543
-16547
-16549
-16554
-16558
-16569
-16587
-16587
-16606
-16607
-16611
-16611
-16624
-16625
-16626
-16636
-16646
-16648
-16654
-16662
-16667
-16681
-16683
-16692
-16701
-16702
-16710
-16713
-16728
-16732
-16739
-16741
-16763
-16773
-16794
-16798
-16810
-16810
-16821
-16834
-16834
-16841
-16846
-16848
-16849
-16858
-16865
-16866
-16867
-16878
-16881
-16881
-16889
-16893
-16894
-16896
-16906
-16918
-16931
-16946
-16947
-16961
-16967
-16972
-16992
-16995
-17002
-17004
-17008
-17016
-17034
-17042
-17045
-17048
-17055
-17057
-17079
-17086
-17089
-17100
-17104
-17109
-17109
-17110
-17117
-17122
-17125
-17130
-17130
-17137
-17141
-17157
-17160
-17162
-17164
-17177
-17198
-17204
-17215
-17219
-17226
-17232
-17234
-17260
-17260
-17273
-17275
-17277
-17308
-17309
-17310
-17311
-17316
-17325
-17330
-17335
-17340
-17362
-17367
-17378
-17383
-17392
-17395
-17396
-17397
-17401
-17410
-17415
-17415
-17425
-17433
-17443
-17443
-17452
-17461
-17462
-17472
-17480
-17481
-17484
-17494
-17497
-17500
-17501
-17502
-17503
-17512
-17515
-17521
-17528
-17528
-17529
-17530
-17539
-17543
-17543
-17547
-17559
-17569
-17574
-17577
-17595
-17609
-17609
-17622
-17622
-17631
-17632
-17634
-17644
-17660
-17667
-17672
-17676
-17677
-17680
-17686
-17702
-17706
-17714
-17717
-17732
-17735
-17750
-17755
-17758
-17762
-17762
-17765
-17773
-17774
-17785
-17791
-17805
-17809
-17823
-17826
-17826
-17827
-17828
-17832
-17833
-17835
-17862
-17869
-17873
-17875
-17877
-17878
-17879
-17892
-17896
-17901
-17902
-17912
-17920
-17924
-17942
-17953
-17965
-17968
-17984
-17994
-17998
-18008
-18025
-18026
-18026
-18026
-18031
-18051
-18053
-18053
-18054
-18066
-18066
-18066
-18069
-18071
-18096
-18101
-18108
-18121
-18126
-18128
-18135
-18144
-18146
-18158
-18158
-18180
-18186
-18189
-18194
-18194
-18206
-18217
-18219
-18221
-18225
-18232
-18233
-18233
-18241
-18243
-18243
-18254
-18270
-18274
-18276
-18277
-18281
-18293
-18309
-18312
-18314
-18318
-18323
-18328
-18335
-18337
-18337
-18343
-18346
-18346
-18348
-18355
-18359
-18362
-18374
-18389
-18390
-18391
-18396
-18396
-18403
-18407
-18409
-18422
-18437
-18439
-18442
-18467
-18483
-18491
-18496
-18509
-18515
-18515
-18524
-18537
-18542
-18544
-18544
-18551
-18557
-18571
-18573
-18578
-18579
-18605
-18619
-18628
-18631
-18633
-18649
-18651
-18660
-18664
-18665
-18666
-18674
-18675
-18699
-18704
-18713
-18725
-18729
-18734
-18739
-18757
-18759
-18762
-18764
-18770
-18773
-18776
-18791
-18831
-18834
-18837
-18841
-18848
-18851
-18852
-18855
-18857
-18858
-18865
-18876
-18884
-18885
-18886
-18891
-18906
-18911
-18913
-18923
-18930
-18950
-18954
-18964
-18974
-18979
-18989
-18992
-19006
-19028
-19054
-19058
-19065
-19067
-19067
-19090
-19096
-19097
-19098
-19107
-19122
-19131
-19136
-19152
-19155
-19168
-19169
-19174
-19195
-19220
-19222
-19225
-19237
-19238
-19238
-19238
-19246
-19247
-19253
-19271
-19271
-19275
-19287
-19287
-19293
-19294
-19299
-19303
-19317
-19318
-19323
-19327
-19334
-19336
-19340
-19352
-19362
-19363
-19364
-19369
-19373
-19376
-19377
-19394
-19397
-19398
-19398
-19404
-19412
-19413
-19416
-19425
-19440
-19440
-19452
-19453
-19456
-19462
-19465
-19467
-19482
-19490
-19493
-19494
-19498
-19504
-19511
-19512
-19512
-19516
-19521
-19521
-19524
-19525
-19532
-19533
-19542
-19544
-19553
-19555
-19555
-19574
-19592
-19596
-19597
-19598
-19612
-19613
-19620
-19632
-19641
-19647
-19649
-19650
-19671
-19677
-19682
-19689
-19693
-19704
-19720
-19729
-19734
-19735
-19745
-19765
-19795
-19797
-19798
-19810
-19819
-19821
-19826
-19842
-19846
-19857
-19862
-19864
-19868
-19876
-19883
-19900
-19902
-19906
-19920
-19923
-19926
-19930
-19955
-19982
-19983
-19990
-19997
-20005
-20006
-20008
-20017
-20017
-20031
-20052
-20057
-20058
-20059
-20073
-20074
-20076
-20076
-20077
-20097
-20118
-20124
-20136
-20138
-20140
-20146
-20148
-20159
-20171
-20176
-20186
-20204
-20207
-20208
-20216
-20221
-20229
-20241
-20245
-20247
-20251
-20255
-20260
-20270
-20271
-20282
-20284
-20285
-20293
-20294
-20302
-20306
-20318
-20321
-20323
-20335
-20349
-20350
-20364
-20370
-20371
-20377
-20383
-20387
-20393
-20400
-20402
-20406
-20406
-20409
-20414
-20426
-20429
-20431
-20442
-20450
-20456
-20462
-20474
-20479
-20481
-20482
-20486
-20492
-20505
-20507
-20515
-20522
-20523
-20523
-20526
-20542
-20546
-20561
-20595
-20597
-20604
-20607
-20617
-20618
-20622
-20638
-20655
-20657
-20657
-20660
-20680
-20687
-20694
-20695
-20695
-20720
-20734
-20742
-20744
-20769
-20771
-20775
-20784
-20791
-20796
-20802
-20806
-20829
-20830
-20844
-20850
-20857
-20862
-20875
-20877
-20885
-20895
-20899
-20904
-20908
-20921
-20934
-20949
-20957
-20958
-20958
-20960
-20965
-20966
-20972
-20981
-21001
-21002
-21005
-21005
-21010
-21015
-21028
-21035
-21046
-21046
-21048
-21058
-21061
-21067
-21068
-21078
-21085
-21086
-21089
-21091
-21092
-21093
-21095
-21095
-21102
-21117
-21124
-21126
-21134
-21139
-21153
-21154
-21157
-21161
-21183
-21184
-21193
-21206
-21206
-21207
-21215
-21220
-21223
-21227
-21228
-21230
-21230
-21239
-21239
-21243
-21248
-21252
-21253
-21256
-21261
-21265
-21270
-21277
-21281
-21287
-21289
-21305
-21307
-21311
-21319
-21320
-21328
-21347
-21361
-21385
-21397
-21408
-21415
-21415
-21425
-21429
-21431
-21432
-21435
-21439
-21443
-21453
-21457
-21460
-21462
-21464
-21468
-21483
-21490
-21494
-21505
-21512
-21522
-21525
-21529
-21540
-21547
-21554
-21556
-21563
-21567
-21568
-21581
-21583
-21583
-21587
-21593
-21596
-21599
-21603
-21609
-21610
-21613
-21627
-21630
-21639
-21642
-21645
-21645
-21646
-21655
-21659
-21659
-21674
-21677
-21692
-21700
-21702
-21708
-21709
-21721
-21727
-21734
-21734
-21734
-21736
-21742
-21754
-21766
-21766
-21770
-21783
-21789
-21807
-21812
-21820
-21823
-21849
-21852
-21878
-21883
-21884
-21890
-21892
-21899
-21909
-21922
-21937
-21948
-21955
-21955
-21963
-21977
-21979
-21983
-21989
-21991
-21994
-22016
-22018
-22025
-22041
-22044
-22064
-22066
-22072
-22072
-22076
-22084
-22088
-22088
-22091
-22095
-22095
-22101
-22106
-22113
-22116
-22125
-22127
-22148
-22153
-22170
-22187
-22195
-22204
-22206
-22210
-22212
-22212
-22216
-22217
-22218
-22244
-22249
-22250
-22255
-22260
-22275
-22295
-22295
-22306
-22315
-22323
-22328
-22334
-22337
-22342
-22356
-22373
-22385
-22390
-22391
-22395
-22402
-22409
-22416
-22440
-22441
-22446
-22446
-22448
-22452
-22455
-22461
-22467
-22470
-22474
-22485
-22490
-22493
-22510
-22513
-22517
-22521
-22527
-22528
-22538
-22542
-22556
-22557
-22564
-22571
-22578
-22586
-22598
-22598
-22610
-22617
-22620
-22620
-22625
-22628
-22629
-22631
-22639
-22642
-22657
-22662
-22664
-22685
-22696
-22698
-22698
-22708
-22709
-22720
-22722
-22725
-22730
-22735
-22747
-22751
-22762
-22765
-22767
-22791
-22793
-22797
-22801
-22803
-22805
-22805
-22808
-22810
-22811
-22825
-22836
-22850
-22853
-22855
-22855
-22858
-22861
-22867
-22870
-22890
-22892
-22895
-22913
-22921
-22922
-22931
-22965
-22970
-22977
-22982
-22987
-22991
-22992
-23004
-23010
-23014
-23016
-23017
-23021
-23022
-23028
-23032
-23034
-23036
-23038
-23040
-23043
-23047
-23057
-23065
-23067
-23074
-23077
-23083
-23088
-23091
-23093
-23094
-23095
-23098
-23099
-23101
-23106
-23110
-23113
-23123
-23131
-23142
-23153
-23153
-23157
-23159
-23162
-23162
-23170
-23176
-23192
-23196
-23207
-23208
-23209
-23220
-23229
-23232
-23246
-23248
-23248
-23250
-23275
-23278
-23290
-23297
-23298
-23300
-23316
-23322
-23344
-23346
-23355
-23359
-23363
-23374
-23376
-23380
-23397
-23400
-23407
-23407
-23414
-23429
-23434
-23435
-23436
-23440
-23441
-23445
-23452
-23492
-23495
-23500
-23512
-23515
-23518
-23518
-23521
-23524
-23534
-23537
-23541
-23546
-23546
-23549
-23553
-23556
-23560
-23561
-23568
-23569
-23570
-23570
-23573
-23582
-23584
-23596
-23610
-23611
-23625
-23627
-23631
-23644
-23652
-23660
-23674
-23679
-23698
-23699
-23706
-23718
-23746
-23752
-23761
-23763
-23764
-23765
-23772
-23772
-23775
-23778
-23792
-23793
-23797
-23800
-23805
-23818
-23842
-23856
-23868
-23891
-23895
-23906
-23906
-23912
-23914
-23919
-23921
-23924
-23926
-23929
-23937
-23945
-23946
-23946
-23946
-23976
-23984
-23988
-23991
-23997
-23998
-24008
-24014
-24020
-24021
-24032
-24043
-24043
-24056
-24058
-24062
-24063
-24093
-24103
-24105
-24108
-24116
-24132
-24134
-24156
-24165
-24165
-24172
-24182
-24182
-24185
-24205
-24210
-24210
-24218
-24235
-24236
-24238
-24250
-24251
-24253
-24256
-24261
-24266
-24279
-24283
-24286
-24287
-24289
-24296
-24306
-24310
-24310
-24318
-24324
-24332
-24338
-24348
-24348
-24351
-24360
-24367
-24379
-24387
-24409
-24421
-24425
-24428
-24432
-24434
-24436
-24446
-24450
-24452
-24456
-24459
-24472
-24497
-24499
-24504
-24516
-24517
-24517
-24538
-24538
-24548
-24560
-24561
-24563
-24565
-24568
-24570
-24579
-24592
-24613
-24622
-24634
-24642
-24647
-24654
-24669
-24670
-24670
-24677
-24678
-24681
-24689
-24701
-24707
-24708
-24709
-24712
-24712
-24713
-24715
-24717
-24731
-24733
-24754
-24757
-24778
-24786
-24789
-24794
-24798
-24819
-24823
-24840
-24843
-24872
-24884
-24885
-24907
-24931
-24933
-24946
-24948
-24951
-24975
-24975
-24984
-24992
-24992
-24997
-25004
-25010
-25014
-25015
-25020
-25036
-25037
-25043
-25050
-25054
-25064
-25109
-25114
-25122
-25124
-25125
-25133
-25156
-25162
-25163
-25180
-25194
-25214
-25216
-25218
-25229
-25231
-25240
-25268
-25284
-25287
-25288
-25291
-25293
-25295
-25301
-25307
-25314
-25331
-25332
-25337
-25339
-25348
-25350
-25354
-25362
-25379
-25383
-25387
-25388
-25396
-25400
-25401
-25404
-25413
-25417
-25429
-25432
-25435
-25435
-25446
-25454
-25458
-25459
-25462
-25474
-25483
-25490
-25494
-25494
-25518
-25520
-25521
-25522
-25531
-25532
-25533
-25536
-25540
-25540
-25540
-25547
-25550
-25558
-25561
-25561
-25561
-25563
-25567
-25568
-25577
-25590
-25593
-25612
-25625
-25625
-25635
-25641
-25649
-25651
-25654
-25656
-25659
-25663
-25669
-25674
-25687
-25688
-25690
-25694
-25710
-25711
-25731
-25734
-25758
-25771
-25778
-25785
-25793
-25796
-25796
-25797
-25811
-25811
-25824
-25831
-25848
-25852
-25857
-25867
-25872
-25876
-25879
-25887
-25893
-25898
-25903
-25905
-25913
-25914
-25919
-25934
-25940
-25941
-25942
-25950
-25950
-25966
-25966
-25971
-25973
-25983
-25987
-25992
-25994
-26002
-26004
-26006
-26006
-26008
-26013
-26025
-26025
-26040
-26042
-26060
-26061
-26074
-26092
-26092
-26096
-26097
-26098
-26101
-26106
-26108
-26109
-26114
-26129
-26129
-26130
-26134
-26137
-26142
-26163
-26163
-26182
-26191
-26201
-26201
-26203
-26226
-26229
-26233
-26236
-26243
-26257
-26258
-26258
-26262
-26275
-26277
-26280
-26296
-26300
-26304
-26311
-26321
-26325
-26330
-26336
-26339
-26342
-26368
-26380
-26382
-26385
-26386
-26387
-26407
-26411
-26431
-26434
-26445
-26451
-26452
-26456
-26459
-26463
-26469
-26484
-26495
-26499
-26502
-26550
-26570
-26600
-26605
-26617
-26624
-26629
-26630
-26642
-26644
-26648
-26651
-26660
-26663
-26665
-26668
-26670
-26677
-26680
-26698
-26703
-26722
-26725
-26736
-26754
-26760
-26761
-26767
-26767
-26774
-26780
-26789
-26793
-26796
-26796
-26803
-26807
-26808
-26810
-26839
-26848
-26852
-26854
-26859
-26860
-26861
-26862
-26869
-26897
-26905
-26913
-26914
-26916
-26917
-26924
-26928
-26935
-26941
-26946
-26947
-26950
-26960
-26976
-26998
-27001
-27004
-27005
-27010
-27013
-27020
-27022
-27027
-27040
-27041
-27045
-27055
-27062
-27069
-27079
-27083
-27085
-27086
-27103
-27105
-27106
-27116
-27127
-27129
-27131
-27142
-27144
-27147
-27163
-27169
-27175
-27177
-27182
-27189
-27198
-27211
-27218
-27228
-27229
-27236
-27249
-27256
-27258
-27259
-27260
-27264
-27288
-27289
-27297
-27308
-27308
-27316
-27318
-27319
-27319
-27324
-27332
-27333
-27347
-27352
-27356
-27359
-27364
-27374
-27388
-27391
-27409
-27412
-27414
-27417
-27417
-27421
-27423
-27432
-27433
-27433
-27437
-27448
-27453
-27460
-27462
-27463
-27476
-27478
-27479
-27493
-27502
-27503
-27510
-27517
-27530
-27536
-27544
-27555
-27561
-27573
-27586
-27597
-27598
-27609
-27612
-27625
-27626
-27628
-27631
-27634
-27634
-27635
-27636
-27637
-27647
-27661
-27669
-27671
-27672
-27680
-27686
-27695
-27718
-27719
-27749
-27750
-27751
-27752
-27756
-27757
-27758
-27760
-27763
-27763
-27773
-27775
-27776
-27782
-27783
-27784
-27801
-27806
-27813
-27813
-27815
-27819
-27826
-27829
-27832
-27833
-27848
-27851
-27854
-27858
-27863
-27870
-27877
-27884
-27904
-27907
-27909
-27914
-27929
-27936
-27947
-27954
-27957
-27962
-27975
-27983
-27985
-27986
-27988
-27989
-27991
-27991
-28002
-28013
-28014
-28033
-28035
-28050
-28055
-28062
-28070
-28073
-28080
-28080
-28093
-28102
-28106
-28114
-28135
-28138
-28143
-28149
-28150
-28157
-28160
-28169
-28174
-28179
-28182
-28186
-28196
-28197
-28201
-28203
-28217
-28220
-28234
-28242
-28246
-28272
-28276
-28278
-28283
-28287
-28294
-28296
-28298
-28301
-28312
-28314
-28321
-28328
-28329
-28329
-28331
-28347
-28353
-28364
-28387
-28400
-28426
-28429
-28430
-28437
-28440
-28450
-28455
-28462
-28463
-28473
-28473
-28477
-28490
-28502
-28508
-28517
-28519
-28540
-28540
-28540
-28544
-28550
-28550
-28559
-28563
-28572
-28577
-28582
-28605
-28606
-28616
-28617
-28619
-28619
-28629
-28629
-28636
-28636
-28640
-28646
-28653
-28653
-28666
-28670
-28676
-28680
-28682
-28689
-28703
-28711
-28712
-28723
-28732
-28736
-28743
-28756
-28759
-28760
-28761
-28775
-28776
-28781
-28782
-28785
-28789
-28791
-28803
-28810
-28813
-28816
-28821
-28821
-28823
-28827
-28851
-28864
-28871
-28876
-28893
-28895
-28901
-28903
-28911
-28931
-28934
-28954
-28968
-28975
-28976
-28998
-29031
-29034
-29041
-29059
-29064
-29065
-29068
-29071
-29074
-29082
-29091
-29102
-29113
-29116
-29124
-29130
-29130
-29136
-29139
-29142
-29153
-29156
-29160
-29161
-29163
-29165
-29170
-29170
-29180
-29181
-29195
-29199
-29204
-29206
-29207
-29211
-29217
-29217
-29221
-29222
-29225
-29244
-29256
-29256
-29257
-29273
-29281
-29287
-29291
-29307
-29309
-29313
-29313
-29313
-29318
-29319
-29341
-29348
-29348
-29349
-29359
-29364
-29374
-29380
-29388
-29397
-29399
-29405
-29408
-29413
-29426
-29441
-29474
-29477
-29490
-29491
-29492
-29495
-29513
-29522
-29524
-29524
-29526
-29538
-29540
-29551
-29568
-29581
-29586
-29589
-29591
-29604
-29632
-29635
-29657
-29658
-29664
-29668
-29678
-29702
-29713
-29717
-29724
-29734
-29738
-29747
-29757
-29774
-29774
-29781
-29783
-29784
-29788
-29797
-29807
-29813
-29815
-29816
-29817
-29824
-29826
-29826
-29836
-29843
-29850
-29854
-29873
-29880
-29892
-29893
-29900
-29934
-29943
-29945
-29960
-29960
-29973
-29978
-29990
-29994
-30013
-30014
-30033
-30034
-30049
-30061
-30071
-30074
-30089
-30094
-30097
-30098
-30103
-30105
-30122
-30134
-30134
-30139
-30152
-30158
-30159
-30160
-30177
-30180
-30189
-30195
-30217
-30228
-30231
-30238
-30240
-30241
-30243
-30245
-30248
-30271
-30276
-30287
-30289
-30289
-30296
-30313
-30318
-30323
-30339
-30339
-30342
-30358
-30382
-30397
-30398
-30399
-30402
-30416
-30416
-30416
-30418
-30421
-30425
-30428
-30430
-30435
-30439
-30439
-30442
-30457
-30458
-30463
-30471
-30480
-30484
-30495
-30502
-30504
-30519
-30527
-30527
-30543
-30544
-30565
-30582
-30584
-30585
-30590
-30592
-30597
-30603
-30609
-30639
-30645
-30656
-30657
-30657
-30659
-30669
-30673
-30675
-30675
-30686
-30691
-30696
-30699
-30700
-30703
-30704
-30718
-30735
-30736
-30738
-30738
-30747
-30752
-30752
-30765
-30775
-30778
-30795
-30801
-30801
-30818
-30820
-30840
-30844
-30855
-30858
-30865
-30870
-30874
-30876
-30876
-30880
-30886
-30889
-30891
-30901
-30912
-30918
-30920
-30927
-30935
-30941
-30941
-30945
-30947
-30952
-30964
-30970
-30975
-30984
-30994
-31003
-31004
-31007
-31008
-31010
-31014
-31028
-31030
-31042
-31044
-31045
-31061
-31068
-31075
-31076
-31081
-31092
-31106
-31107
-31124
-31125
-31138
-31140
-31155
-31155
-31157
-31170
-31176
-31181
-31183
-31190
-31206
-31216
-31216
-31217
-31238
-31242
-31251
-31254
-31262
-31267
-31275
-31276
-31285
-31288
-31304
-31307
-31312
-31313
-31331
-31332
-31334
-31336
-31337
-31337
-31340
-31343
-31357
-31360
-31366
-31368
-31368
-31377
-31381
-31383
-31397
-31401
-31405
-31415
-31460
-31469
-31471
-31472
-31488
-31500
-31500
-31502
-31538
-31538
-31546
-31555
-31556
-31560
-31564
-31572
-31573
-31583
-31585
-31588
-31624
-31641
-31646
-31654
-31657
-31661
-31670
-31678
-31691
-31697
-31699
-31701
-31702
-31703
-31713
-31718
-31720
-31725
-31745
-31761
-31771
-31780
-31784
-31803
-31817
-31823
-31832
-31842
-31844
-31857
-31857
-31858
-31886
-31895
-31899
-31906
-31907
-31916
-31918
-31919
-31923
-31924
-31926
-31928
-31935
-31946
-31946
-31950
-31952
-31960
-31961
-31964
-31965
-31971
-31972
-31980
-31981
-31992
-31993
-31993
-32004
-32012
-32012
-32019
-32039
-32050
-32065
-32085
-32099
-32112
-32125
-32131
-32133
-32133
-32141
-32155
-32174
-32175
-32180
-32180
-32184
-32188
-32209
-32214
-32223
-32228
-32245
-32251
-32257
-32258
-32277
-32279
-32284
-32291
-32291
-32295
-32296
-32298
-32311
-32314
-32319
-32321
-32326
-32335
-32338
-32338
-32342
-32343
-32352
-32356
-32363
-32366
-32368
-32369
-32380
-32396
-32398
-32400
-32406
-32430
-32438
-32440
-32444
-32445
-32462
-32464
-32481
-32485
-32488
-32489
-32497
-32505
-32514
-32516
-32518
-32518
-32518
-32528
-32529
-32532
-32538
-32540
-32547
-32559
-32564
-32565
-32567
-32568
-32570
-32573
-32575
-32579
-32586
-32604
-32610
-32611
-32616
-32620
-32630
-32636
-32638
-32641
-32647
-32649
-32652
-32655
-32657
-32659
-32661
-32661
-32663
-32664
-32670
-32676
-32684
-32685
-32687
-32694
-32704
-32706
-32708
-32710
-32710
-32712
-32718
-32725
-32735
-32739
-32743
-32744
-32746
-32754
