10000
-32754
-32746
-32744
-32743
-32739
-32735
-32725
-32718
-32712
-32710
-32710
-32708
-32706
-32704
-32694
-32687
-32685
-32684
-32676
-32670
-32664
-32663
-32661
-32661
-32659
-32657
-32655
-32652
-32649
-32647
-32641
-32638
-32636
-32630
-32620
-32616
-32611
-32610
-32604
-32586
-32579
-32575
-32573
-32570
-32568
-32567
-32565
-32564
-32559
-32547
-32540
-32538
-32532
-32529
-32528
-32518
-32518
-32518
-32516
-32514
-32505
-32497
-32489
-32488
-32485
-32481
-32464
-32462
-32445
-32444
-32440
-32438
-32430
-32406
-32400
-32398
-32396
-32380
-32369
-32368
-32366
-32363
-32356
-32352
-32343
-32342
-32338
-32338
-32335
-32326
-32321
-32319
-32314
-32311
-32298
-32296
-32295
-32291
-32291
-32284
-32279
-32277
-32258
-32257
-32251
-32245
-32228
-32223
-32214
-32209
-32188
-32184
-32180
-32180
-32175
-32174
-32155
-32141
-32133
-32133
-32131
-32125
-32112
-32099
-32085
-32065
-32050
-32039
-32019
-32012
-32012
-32004
-31993
-31993
-31992
-31981
-31980
-31972
-31971
-31965
-31964
-31961
-31960
-31952
-31950
-31946
-31946
-31935
-31928
-31926
-31924
-31923
-31919
-31918
-31916
-31907
-31906
-31899
-31895
-31886
-31858
-31857
-31857
-31844
-31842
-31832
-31823
-31817
-31803
-31784
-31780
-31771
-31761
-31745
-31725
-31720
-31718
-31713
-31703
-31702
-31701
-31699
-31697
-31691
-31678
-31670
-31661
-31657
-31654
-31646
-31641
-31624
-31588
-31585
-31583
-31573
-31572
-31564
-31560
-31556
-31555
-31546
-31538
-31538
-31502
-31500
-31500
-31488
-31472
-31471
-31469
-31460
-31415
-31405
-31401
-31397
-31383
-31381
-31377
-31368
-31368
-31366
-31360
-31357
-31343
-31340
-31337
-31337
-31336
-31334
-31332
-31331
-31313
-31312
-31307
-31304
-31288
-31285
-31276
-31275
-31267
-31262
-31254
-31251
-31242
-31238
-31217
-31216
-31216
-31206
-31190
-31183
-31181
-31176
-31170
-31157
-31155
-31155
-31140
-31138
-31125
-31124
-31107
-31106
-31092
-31081
-31076
-31075
-31068
-31061
-31045
-31044
-31042
-31030
-31028
-31014
-31010
-31008
-31007
-31004
-31003
-30994
-30984
-30975
-30970
-30964
-30952
-30947
-30945
-30941
-30941
-30935
-30927
-30920
-30918
-30912
-30901
-30891
-30889
-30886
-30880
-30876
-30876
-30874
-30870
-30865
-30858
-30855
-30844
-30840
-30820
-30818
-30801
-30801
-30795
-30778
-30775
-30765
-30752
-30752
-30747
-30738
-30738
-30736
-30735
-30718
-30704
-30703
-30700
-30699
-30696
-30691
-30686
-30675
-30675
-30673
-30669
-30659
-30657
-30657
-30656
-30645
-30639
-30609
-30603
-30597
-30592
-30590
-30585
-30584
-30582
-30565
-30544
-30543
-30527
-30527
-30519
-30504
-30502
-30495
-30484
-30480
-30471
-30463
-30458
-30457
-30442
-30439
-30439
-30435
-30430
-30428
-30425
-30421
-30418
-30416
-30416
-30416
-30402
-30399
-30398
-30397
-30382
-30358
-30342
-30339
-30339
-30323
-30318
-30313
-30296
-30289
-30289
-30287
-30276
-30271
-30248
-30245
-30243
-30241
-30240
-30238
-30231
-30228
-30217
-30195
-30189
-30180
-30177
-30160
-30159
-30158
-30152
-30139
-30134
-30134
-30122
-30105
-30103
-30098
-30097
-30094
-30089
-30074
-30071
-30061
-30049
-30034
-30033
-30014
-30013
-29994
-29990
-29978
-29973
-29960
-29960
-29945
-29943
-29934
-29900
-29893
-29892
-29880
-29873
-29854
-29850
-29843
-29836
-29826
-29826
-29824
-29817
-29816
-29815
-29813
-29807
-29797
-29788
-29784
-29783
-29781
-29774
-29774
-29757
-29747
-29738
-29734
-29724
-29717
-29713
-29702
-29678
-29668
-29664
-29658
-29657
-29635
-29632
-29604
-29591
-29589
-29586
-29581
-29568
-29551
-29540
-29538
-29526
-29524
-29524
-29522
-29513
-29495
-29492
-29491
-29490
-29477
-29474
-29441
-29426
-29413
-29408
-29405
-29399
-29397
-29388
-29380
-29374
-29364
-29359
-29349
-29348
-29348
-29341
-29319
-29318
-29313
-29313
-29313
-29309
-29307
-29291
-29287
-29281
-29273
-29257
-29256
-29256
-29244
-29225
-29222
-29221
-29217
-29217
-29211
-29207
-29206
-29204
-29199
-29195
-29181
-29180
-29170
-29170
-29165
-29163
-29161
-29160
-29156
-29153
-29142
-29139
-29136
-29130
-29130
-29124
-29116
-29113
-29102
-29091
-29082
-29074
-29071
-29068
-29065
-29064
-29059
-29041
-29034
-29031
-28998
-28976
-28975
-28968
-28954
-28934
-28931
-28911
-28903
-28901
-28895
-28893
-28876
-28871
-28864
-28851
-28827
-28823
-28821
-28821
-28816
-28813
-28810
-28803
-28791
-28789
-28785
-28782
-28781
-28776
-28775
-28761
-28760
-28759
-28756
-28743
-28736
-28732
-28723
-28712
-28711
-28703
-28689
-28682
-28680
-28676
-28670
-28666
-28653
-28653
-28646
-28640
-28636
-28636
-28629
-28629
-28619
-28619
-28617
-28616
-28606
-28605
-28582
-28577
-28572
-28563
-28559
-28550
-28550
-28544
-28540
-28540
-28540
-28519
-28517
-28508
-28502
-28490
-28477
-28473
-28473
-28463
-28462
-28455
-28450
-28440
-28437
-28430
-28429
-28426
-28400
-28387
-28364
-28353
-28347
-28331
-28329
-28329
-28328
-28321
-28314
-28312
-28301
-28298
-28296
-28294
-28287
-28283
-28278
-28276
-28272
-28246
-28242
-28234
-28220
-28217
-28203
-28201
-28197
-28196
-28186
-28182
-28179
-28174
-28169
-28160
-28157
-28150
-28149
-28143
-28138
-28135
-28114
-28106
-28102
-28093
-28080
-28080
-28073
-28070
-28062
-28055
-28050
-28035
-28033
-28014
-28013
-28002
-27991
-27991
-27989
-27988
-27986
-27985
-27983
-27975
-27962
-27957
-27954
-27947
-27936
-27929
-27914
-27909
-27907
-27904
-27884
-27877
-27870
-27863
-27858
-27854
-27851
-27848
-27833
-27832
-27829
-27826
-27819
-27815
-27813
-27813
-27806
-27801
-27784
-27783
-27782
-27776
-27775
-27773
-27763
-27763
-27760
-27758
-27757
-27756
-27752
-27751
-27750
-27749
-27719
-27718
-27695
-27686
-27680
-27672
-27671
-27669
-27661
-27647
-27637
-27636
-27635
-27634
-27634
-27631
-27628
-27626
-27625
-27612
-27609
-27598
-27597
-27586
-27573
-27561
-27555
-27544
-27536
-27530
-27517
-27510
-27503
-27502
-27493
-27479
-27478
-27476
-27463
-27462
-27460
-27453
-27448
-27437
-27433
-27433
-27432
-27423
-27421
-27417
-27417
-27414
-27412
-27409
-27391
-27388
-27374
-27364
-27359
-27356
-27352
-27347
-27333
-27332
-27324
-27319
-27319
-27318
-27316
-27308
-27308
-27297
-27289
-27288
-27264
-27260
-27259
-27258
-27256
-27249
-27236
-27229
-27228
-27218
-27211
-27198
-27189
-27182
-27177
-27175
-27169
-27163
-27147
-27144
-27142
-27131
-27129
-27127
-27116
-27106
-27105
-27103
-27086
-27085
-27083
-27079
-27069
-27062
-27055
-27045
-27041
-27040
-27027
-27022
-27020
-27013
-27010
-27005
-27004
-27001
-26998
-26976
-26960
-26950
-26947
-26946
-26941
-26935
-26928
-26924
-26917
-26916
-26914
-26913
-26905
-26897
-26869
-26862
-26861
-26860
-26859
-26854
-26852
-26848
-26839
-26810
-26808
-26807
-26803
-26796
-26796
-26793
-26789
-26780
-26774
-26767
-26767
-26761
-26760
-26754
-26736
-26725
-26722
-26703
-26698
-26680
-26677
-26670
-26668
-26665
-26663
-26660
-26651
-26648
-26644
-26642
-26630
-26629
-26624
-26617
-26605
-26600
-26570
-26550
-26502
-26499
-26495
-26484
-26469
-26463
-26459
-26456
-26452
-26451
-26445
-26434
-26431
-26411
-26407
-26387
-26386
-26385
-26382
-26380
-26368
-26342
-26339
-26336
-26330
-26325
-26321
-26311
-26304
-26300
-26296
-26280
-26277
-26275
-26262
-26258
-26258
-26257
-26243
-26236
-26233
-26229
-26226
-26203
-26201
-26201
-26191
-26182
-26163
-26163
-26142
-26137
-26134
-26130
-26129
-26129
-26114
-26109
-26108
-26106
-26101
-26098
-26097
-26096
-26092
-26092
-26074
-26061
-26060
-26042
-26040
-26025
-26025
-26013
-26008
-26006
-26006
-26004
-26002
-25994
-25992
-25987
-25983
-25973
-25971
-25966
-25966
-25950
-25950
-25942
-25941
-25940
-25934
-25919
-25914
-25913
-25905
-25903
-25898
-25893
-25887
-25879
-25876
-25872
-25867
-25857
-25852
-25848
-25831
-25824
-25811
-25811
-25797
-25796
-25796
-25793
-25785
-25778
-25771
-25758
-25734
-25731
-25711
-25710
-25694
-25690
-25688
-25687
-25674
-25669
-25663
-25659
-25656
-25654
-25651
-25649
-25641
-25635
-25625
-25625
-25612
-25593
-25590
-25577
-25568
-25567
-25563
-25561
-25561
-25561
-25558
-25550
-25547
-25540
-25540
-25540
-25536
-25533
-25532
-25531
-25522
-25521
-25520
-25518
-25494
-25494
-25490
-25483
-25474
-25462
-25459
-25458
-25454
-25446
-25435
-25435
-25432
-25429
-25417
-25413
-25404
-25401
-25400
-25396
-25388
-25387
-25383
-25379
-25362
-25354
-25350
-25348
-25339
-25337
-25332
-25331
-25314
-25307
-25301
-25295
-25293
-25291
-25288
-25287
-25284
-25268
-25240
-25231
-25229
-25218
-25216
-25214
-25194
-25180
-25163
-25162
-25156
-25133
-25125
-25124
-25122
-25114
-25109
-25064
-25054
-25050
-25043
-25037
-25036
-25020
-25015
-25014
-25010
-25004
-24997
-24992
-24992
-24984
-24975
-24975
-24951
-24948
-24946
-24933
-24931
-24907
-24885
-24884
-24872
-24843
-24840
-24823
-24819
-24798
-24794
-24789
-24786
-24778
-24757
-24754
-24733
-24731
-24717
-24715
-24713
-24712
-24712
-24709
-24708
-24707
-24701
-24689
-24681
-24678
-24677
-24670
-24670
-24669
-24654
-24647
-24642
-24634
-24622
-24613
-24592
-24579
-24570
-24568
-24565
-24563
-24561
-24560
-24548
-24538
-24538
-24517
-24517
-24516
-24504
-24499
-24497
-24472
-24459
-24456
-24452
-24450
-24446
-24436
-24434
-24432
-24428
-24425
-24421
-24409
-24387
-24379
-24367
-24360
-24351
-24348
-24348
-24338
-24332
-24324
-24318
-24310
-24310
-24306
-24296
-24289
-24287
-24286
-24283
-24279
-24266
-24261
-24256
-24253
-24251
-24250
-24238
-24236
-24235
-24218
-24210
-24210
-24205
-24185
-24182
-24182
-24172
-24165
-24165
-24156
-24134
-24132
-24116
-24108
-24105
-24103
-24093
-24063
-24062
-24058
-24056
-24043
-24043
-24032
-24021
-24020
-24014
-24008
-23998
-23997
-23991
-23988
-23984
-23976
-23946
-23946
-23946
-23945
-23937
-23929
-23926
-23924
-23921
-23919
-23914
-23912
-23906
-23906
-23895
-23891
-23868
-23856
-23842
-23818
-23805
-23800
-23797
-23793
-23792
-23778
-23775
-23772
-23772
-23765
-23764
-23763
-23761
-23752
-23746
-23718
-23706
-23699
-23698
-23679
-23674
-23660
-23652
-23644
-23631
-23627
-23625
-23611
-23610
-23596
-23584
-23582
-23573
-23570
-23570
-23569
-23568
-23561
-23560
-23556
-23553
-23549
-23546
-23546
-23541
-23537
-23534
-23524
-23521
-23518
-23518
-23515
-23512
-23500
-23495
-23492
-23452
-23445
-23441
-23440
-23436
-23435
-23434
-23429
-23414
-23407
-23407
-23400
-23397
-23380
-23376
-23374
-23363
-23359
-23355
-23346
-23344
-23322
-23316
-23300
-23298
-23297
-23290
-23278
-23275
-23250
-23248
-23248
-23246
-23232
-23229
-23220
-23209
-23208
-23207
-23196
-23192
-23176
-23170
-23162
-23162
-23159
-23157
-23153
-23153
-23142
-23131
-23123
-23113
-23110
-23106
-23101
-23099
-23098
-23095
-23094
-23093
-23091
-23088
-23083
-23077
-23074
-23067
-23065
-23057
-23047
-23043
-23040
-23038
-23036
-23034
-23032
-23028
-23022
-23021
-23017
-23016
-23014
-23010
-23004
-22992
-22991
-22987
-22982
-22977
-22970
-22965
-22931
-22922
-22921
-22913
-22895
-22892
-22890
-22870
-22867
-22861
-22858
-22855
-22855
-22853
-22850
-22836
-22825
-22811
-22810
-22808
-22805
-22805
-22803
-22801
-22797
-22793
-22791
-22767
-22765
-22762
-22751
-22747
-22735
-22730
-22725
-22722
-22720
-22709
-22708
-22698
-22698
-22696
-22685
-22664
-22662
-22657
-22642
-22639
-22631
-22629
-22628
-22625
-22620
-22620
-22617
-22610
-22598
-22598
-22586
-22578
-22571
-22564
-22557
-22556
-22542
-22538
-22528
-22527
-22521
-22517
-22513
-22510
-22493
-22490
-22485
-22474
-22470
-22467
-22461
-22455
-22452
-22448
-22446
-22446
-22441
-22440
-22416
-22409
-22402
-22395
-22391
-22390
-22385
-22373
-22356
-22342
-22337
-22334
-22328
-22323
-22315
-22306
-22295
-22295
-22275
-22260
-22255
-22250
-22249
-22244
-22218
-22217
-22216
-22212
-22212
-22210
-22206
-22204
-22195
-22187
-22170
-22153
-22148
-22127
-22125
-22116
-22113
-22106
-22101
-22095
-22095
-22091
-22088
-22088
-22084
-22076
-22072
-22072
-22066
-22064
-22044
-22041
-22025
-22018
-22016
-21994
-21991
-21989
-21983
-21979
-21977
-21963
-21955
-21955
-21948
-21937
-21922
-21909
-21899
-21892
-21890
-21884
-21883
-21878
-21852
-21849
-21823
-21820
-21812
-21807
-21789
-21783
-21770
-21766
-21766
-21754
-21742
-21736
-21734
-21734
-21734
-21727
-21721
-21709
-21708
-21702
-21700
-21692
-21677
-21674
-21659
-21659
-21655
-21646
-21645
-21645
-21642
-21639
-21630
-21627
-21613
-21610
-21609
-21603
-21599
-21596
-21593
-21587
-21583
-21583
-21581
-21568
-21567
-21563
-21556
-21554
-21547
-21540
-21529
-21525
-21522
-21512
-21505
-21494
-21490
-21483
-21468
-21464
-21462
-21460
-21457
-21453
-21443
-21439
-21435
-21432
-21431
-21429
-21425
-21415
-21415
-21408
-21397
-21385
-21361
-21347
-21328
-21320
-21319
-21311
-21307
-21305
-21289
-21287
-21281
-21277
-21270
-21265
-21261
-21256
-21253
-21252
-21248
-21243
-21239
-21239
-21230
-21230
-21228
-21227
-21223
-21220
-21215
-21207
-21206
-21206
-21193
-21184
-21183
-21161
-21157
-21154
-21153
-21139
-21134
-21126
-21124
-21117
-21102
-21095
-21095
-21093
-21092
-21091
-21089
-21086
-21085
-21078
-21068
-21067
-21061
-21058
-21048
-21046
-21046
-21035
-21028
-21015
-21010
-21005
-21005
-21002
-21001
-20981
-20972
-20966
-20965
-20960
-20958
-20958
-20957
-20949
-20934
-20921
-20908
-20904
-20899
-20895
-20885
-20877
-20875
-20862
-20857
-20850
-20844
-20830
-20829
-20806
-20802
-20796
-20791
-20784
-20775
-20771
-20769
-20744
-20742
-20734
-20720
-20695
-20695
-20694
-20687
-20680
-20660
-20657
-20657
-20655
-20638
-20622
-20618
-20617
-20607
-20604
-20597
-20595
-20561
-20546
-20542
-20526
-20523
-20523
-20522
-20515
-20507
-20505
-20492
-20486
-20482
-20481
-20479
-20474
-20462
-20456
-20450
-20442
-20431
-20429
-20426
-20414
-20409
-20406
-20406
-20402
-20400
-20393
-20387
-20383
-20377
-20371
-20370
-20364
-20350
-20349
-20335
-20323
-20321
-20318
-20306
-20302
-20294
-20293
-20285
-20284
-20282
-20271
-20270
-20260
-20255
-20251
-20247
-20245
-20241
-20229
-20221
-20216
-20208
-20207
-20204
-20186
-20176
-20171
-20159
-20148
-20146
-20140
-20138
-20136
-20124
-20118
-20097
-20077
-20076
-20076
-20074
-20073
-20059
-20058
-20057
-20052
-20031
-20017
-20017
-20008
-20006
-20005
-19997
-19990
-19983
-19982
-19955
-19930
-19926
-19923
-19920
-19906
-19902
-19900
-19883
-19876
-19868
-19864
-19862
-19857
-19846
-19842
-19826
-19821
-19819
-19810
-19798
-19797
-19795
-19765
-19745
-19735
-19734
-19729
-19720
-19704
-19693
-19689
-19682
-19677
-19671
-19650
-19649
-19647
-19641
-19632
-19620
-19613
-19612
-19598
-19597
-19596
-19592
-19574
-19555
-19555
-19553
-19544
-19542
-19533
-19532
-19525
-19524
-19521
-19521
-19516
-19512
-19512
-19511
-19504
-19498
-19494
-19493
-19490
-19482
-19467
-19465
-19462
-19456
-19453
-19452
-19440
-19440
-19425
-19416
-19413
-19412
-19404
-19398
-19398
-19397
-19394
-19377
-19376
-19373
-19369
-19364
-19363
-19362
-19352
-19340
-19336
-19334
-19327
-19323
-19318
-19317
-19303
-19299
-19294
-19293
-19287
-19287
-19275
-19271
-19271
-19253
-19247
-19246
-19238
-19238
-19238
-19237
-19225
-19222
-19220
-19195
-19174
-19169
-19168
-19155
-19152
-19136
-19131
-19122
-19107
-19098
-19097
-19096
-19090
-19067
-19067
-19065
-19058
-19054
-19028
-19006
-18992
-18989
-18979
-18974
-18964
-18954
-18950
-18930
-18923
-18913
-18911
-18906
-18891
-18886
-18885
-18884
-18876
-18865
-18858
-18857
-18855
-18852
-18851
-18848
-18841
-18837
-18834
-18831
-18791
-18776
-18773
-18770
-18764
-18762
-18759
-18757
-18739
-18734
-18729
-18725
-18713
-18704
-18699
-18675
-18674
-18666
-18665
-18664
-18660
-18651
-18649
-18633
-18631
-18628
-18619
-18605
-18579
-18578
-18573
-18571
-18557
-18551
-18544
-18544
-18542
-18537
-18524
-18515
-18515
-18509
-18496
-18491
-18483
-18467
-18442
-18439
-18437
-18422
-18409
-18407
-18403
-18396
-18396
-18391
-18390
-18389
-18374
-18362
-18359
-18355
-18348
-18346
-18346
-18343
-18337
-18337
-18335
-18328
-18323
-18318
-18314
-18312
-18309
-18293
-18281
-18277
-18276
-18274
-18270
-18254
-18243
-18243
-18241
-18233
-18233
-18232
-18225
-18221
-18219
-18217
-18206
-18194
-18194
-18189
-18186
-18180
-18158
-18158
-18146
-18144
-18135
-18128
-18126
-18121
-18108
-18101
-18096
-18071
-18069
-18066
-18066
-18066
-18054
-18053
-18053
-18051
-18031
-18026
-18026
-18026
-18025
-18008
-17998
-17994
-17984
-17968
-17965
-17953
-17942
-17924
-17920
-17912
-17902
-17901
-17896
-17892
-17879
-17878
-17877
-17875
-17873
-17869
-17862
-17835
-17833
-17832
-17828
-17827
-17826
-17826
-17823
-17809
-17805
-17791
-17785
-17774
-17773
-17765
-17762
-17762
-17758
-17755
-17750
-17735
-17732
-17717
-17714
-17706
-17702
-17686
-17680
-17677
-17676
-17672
-17667
-17660
-17644
-17634
-17632
-17631
-17622
-17622
-17609
-17609
-17595
-17577
-17574
-17569
-17559
-17547
-17543
-17543
-17539
-17530
-17529
-17528
-17528
-17521
-17515
-17512
-17503
-17502
-17501
-17500
-17497
-17494
-17484
-17481
-17480
-17472
-17462
-17461
-17452
-17443
-17443
-17433
-17425
-17415
-17415
-17410
-17401
-17397
-17396
-17395
-17392
-17383
-17378
-17367
-17362
-17340
-17335
-17330
-17325
-17316
-17311
-17310
-17309
-17308
-17277
-17275
-17273
-17260
-17260
-17234
-17232
-17226
-17219
-17215
-17204
-17198
-17177
-17164
-17162
-17160
-17157
-17141
-17137
-17130
-17130
-17125
-17122
-17117
-17110
-17109
-17109
-17104
-17100
-17089
-17086
-17079
-17057
-17055
-17048
-17045
-17042
-17034
-17016
-17008
-17004
-17002
-16995
-16992
-16972
-16967
-16961
-16947
-16946
-16931
-16918
-16906
-16896
-16894
-16893
-16889
-16881
-16881
-16878
-16867
-16866
-16865
-16858
-16849
-16848
-16846
-16841
-16834
-16834
-16821
-16810
-16810
-16798
-16794
-16773
-16763
-16741
-16739
-16732
-16728
-16713
-16710
-16702
-16701
-16692
-16683
-16681
-16667
-16662
-16654
-16648
-16646
-16636
-16626
-16625
-16624
-16611
-16611
-16607
-16606
-16587
-16587
-16569
-16558
-16554
-16549
-16547
-16543
-16541
-16522
-16519
-16518
-16509
-16505
-16493
-16492
-16490
-16487
-16484
-16481
-16475
-16475
-16471
-16470
-16460
-16457
-16450
-16445
-16424
-16416
-16411
-16394
-16390
-16385
-16382
-16381
-16380
-16371
-16367
-16366
-16366
-16363
-16357
-16354
-16351
-16339
-16339
-16331
-16331
-16247
-16244
-16219
-16216
-16216
-16214
-16201
-16198
-16198
-16197
-16194
-16191
-16189
-16187
-16178
-16176
-16168
-16164
-16161
-16145
-16140
-16136
-16130
-16124
-16119
-16113
-16112
-16071
-16064
-16048
-16024
-16022
-16019
-16014
-16005
-16004
-15994
-15986
-15973
-15964
-15956
-15952
-15942
-15942
-15941
-15940
-15938
-15931
-15925
-15921
-15919
-15919
-15908
-15902
-15900
-15892
-15863
-15851
-15839
-15824
-15823
-15816
-15808
-15796
-15791
-15791
-15790
-15778
-15777
-15768
-15767
-15766
-15748
-15745
-15741
-15728
-15724
-15722
-15718
-15717
-15709
-15705
-15697
-15690
-15684
-15683
-15678
-15659
-15628
-15619
-15619
-15597
-15593
-15591
-15582
-15582
-15576
-15572
-15571
-15567
-15567
-15550
-15547
-15534
-15519
-15515
-15514
-15499
-15497
-15488
-15474
-15472
-15469
-15464
-15464
-15451
-15450
-15445
-15443
-15442
-15440
-15428
-15419
-15411
-15409
-15406
-15396
-15395
-15384
-15382
-15381
-15377
-15374
-15358
-15352
-15352
-15348
-15342
-15337
-15332
-15318
-15315
-15314
-15307
-15306
-15292
-15292
-15276
-15274
-15271
-15263
-15260
-15254
-15249
-15246
-15231
-15227
-15203
-15198
-15193
-15192
-15180
-15169
-15163
-15156
-15143
-15138
-15128
-15113
-15111
-15109
-15095
-15093
-15075
-15074
-15073
-15071
-15071
-15070
-15062
-15058
-15051
-15037
-15026
-15014
-15005
-14996
-14993
-14992
-14980
-14979
-14973
-14968
-14966
-14964
-14959
-14959
-14951
-14950
-14936
-14909
-14907
-14898
-14888
-14886
-14879
-14870
-14862
-14859
-14858
-14854
-14837
-14832
-14827
-14822
-14813
-14806
-14802
-14794
-14780
-14779
-14768
-14756
-14752
-14751
-14751
-14750
-14746
-14744
-14741
-14721
-14717
-14704
-14695
-14690
-14678
-14677
-14666
-14661
-14659
-14654
-14650
-14646
-14646
-14640
-14639
-14638
-14637
-14631
-14601
-14580
-14576
-14570
-14568
-14561
-14556
-14555
-14547
-14538
-14533
-14532
-14529
-14520
-14516
-14513
-14500
-14489
-14484
-14481
-14477
-14471
-14465
-14463
-14456
-14452
-14448
-14448
-14439
-14438
-14436
-14427
-14425
-14407
-14397
-14391
-14391
-14376
-14373
-14370
-14361
-14352
-14338
-14336
-14331
-14331
-14325
-14315
-14307
-14289
-14286
-14282
-14276
-14256
-14254
-14247
-14243
-14241
-14241
-14238
-14224
-14222
-14219
-14216
-14212
-14185
-14184
-14172
-14160
-14159
-14136
-14133
-14116
-14110
-14108
-14102
-14083
-14082
-14081
-14047
-14034
-14034
-14033
-14022
-14008
-13984
-13972
-13971
-13963
-13963
-13956
-13950
-13941
-13933
-13930
-13927
-13916
-13915
-13906
-13905
-13898
-13892
-13890
-13884
-13879
-13876
-13855
-13846
-13833
-13833
-13804
-13784
-13780
-13765
-13758
-13756
-13752
-13737
-13732
-13731
-13714
-13704
-13693
-13689
-13683
-13680
-13678
-13674
-13662
-13657
-13656
-13647
-13645
-13640
-13632
-13613
-13604
-13599
-13597
-13589
-13588
-13557
-13554
-13551
-13550
-13550
-13547
-13525
-13520
-13513
-13513
-13492
-13488
-13483
-13467
-13451
-13448
-13447
-13446
-13440
-13440
-13439
-13436
-13418
-13409
-13407
-13403
-13396
-13393
-13360
-13357
-13356
-13343
-13343
-13326
-13325
-13324
-13323
-13319
-13317
-13316
-13315
-13299
-13287
-13280
-13280
-13278
-13277
-13272
-13272
-13270
-13263
-13258
-13258
-13246
-13242
-13237
-13233
-13233
-13231
-13228
-13212
-13211
-13190
-13188
-13183
-13172
-13172
-13165
-13152
-13149
-13146
-13141
-13136
-13136
-13128
-13120
-13119
-13116
-13110
-13104
-13093
-13090
-13088
-13088
-13079
-13069
-13067
-13065
-13063
-13063
-13052
-13051
-13045
-13042
-13024
-13010
-13001
-12997
-12995
-12994
-12992
-12988
-12976
-12954
-12948
-12944
-12941
-12926
-12884
-12879
-12879
-12877
-12875
-12874
-12871
-12868
-12867
-12861
-12853
-12849
-12849
-12843
-12842
-12834
-12833
-12818
-12814
-12811
-12793
-12793
-12775
-12773
-12771
-12763
-12763
-12761
-12759
-12754
-12746
-12737
-12727
-12727
-12723
-12711
-12694
-12693
-12683
-12653
-12651
-12646
-12646
-12644
-12639
-12638
-12635
-12627
-12626
-12623
-12617
-12611
-12605
-12596
-12593
-12583
-12581
-12579
-12576
-12562
-12558
-12550
-12549
-12535
-12534
-12532
-12532
-12531
-12525
-12521
-12520
-12508
-12504
-12498
-12498
-12492
-12490
-12483
-12464
-12454
-12453
-12450
-12448
-12445
-12444
-12438
-12438
-12438
-12420
-12419
-12418
-12410
-12410
-12409
-12403
-12399
-12386
-12383
-12380
-12361
-12360
-12358
-12351
-12347
-12346
-12338
-12333
-12315
-12314
-12302
-12301
-12301
-12299
-12299
-12291
-12272
-12265
-12250
-12242
-12240
-12237
-12227
-12199
-12153
-12147
-12143
-12136
-12128
-12126
-12122
-12113
-12112
-12106
-12100
-12096
-12094
-12084
-12082
-12080
-12077
-12074
-12058
-12058
-12056
-12055
-12046
-12030
-12021
-12013
-12012
-12010
-12009
-12009
-12006
-11986
-11979
-11972
-11972
-11960
-11957
-11954
-11950
-11944
-11943
-11939
-11936
-11933
-11931
-11911
-11895
-11888
-11883
-11875
-11873
-11871
-11870
-11857
-11837
-11821
-11816
-11814
-11810
-11809
-11774
-11771
-11764
-11764
-11750
-11732
-11729
-11726
-11720
-11716
-11702
-11701
-11699
-11690
-11687
-11681
-11678
-11677
-11668
-11667
-11662
-11661
-11647
-11646
-11633
-11631
-11624
-11621
-11616
-11616
-11614
-11614
-11608
-11599
-11597
-11595
-11594
-11586
-11582
-11581
-11579
-11579
-11577
-11576
-11566
-11554
-11535
-11529
-11526
-11523
-11484
-11476
-11471
-11457
-11451
-11432
-11398
-11396
-11395
-11391
-11390
-11388
-11375
-11372
-11367
-11353
-11350
-11349
-11332
-11332
-11305
-11303
-11295
-11286
-11283
-11275
-11275
-11271
-11270
-11258
-11228
-11225
-11213
-11213
-11207
-11206
-11202
-11172
-11172
-11163
-11160
-11159
-11142
-11142
-11138
-11130
-11128
-11124
-11112
-11106
-11101
-11096
-11091
-11091
-11083
-11080
-11072
-11072
-11067
-11063
-11057
-11054
-11042
-11040
-11033
-11028
-11023
-11022
-11022
-11016
-11011
-10997
-10996
-10988
-10968
-10965
-10956
-10954
-10952
-10948
-10939
-10928
-10918
-10892
-10881
-10872
-10862
-10850
-10845
-10845
-10842
-10827
-10806
-10802
-10796
-10796
-10790
-10787
-10783
-10782
-10778
-10775
-10769
-10765
-10748
-10712
-10702
-10698
-10694
-10694
-10680
-10645
-10636
-10631
-10630
-10613
-10608
-10601
-10596
-10594
-10591
-10587
-10580
-10573
-10563
-10559
-10554
-10543
-10509
-10504
-10498
-10496
-10495
-10494
-10490
-10479
-10478
-10478
-10476
-10475
-10468
-10464
-10454
-10445
-10445
-10444
-10441
-10433
-10422
-10399
-10398
-10392
-10370
-10366
-10360
-10356
-10353
-10331
-10330
-10320
-10319
-10315
-10308
-10303
-10301
-10298
-10297
-10291
-10272
-10268
-10256
-10253
-10250
-10249
-10234
-10232
-10232
-10225
-10222
-10221
-10202
-10202
-10192
-10188
-10184
-10182
-10177
-10176
-10175
-10174
-10156
-10155
-10154
-10153
-10145
-10140
-10130
-10128
-10125
-10110
-10110
-10104
-10101
-10097
-10095
-10079
-10078
-10054
-10052
-10050
-10049
-10047
-10046
-10042
-10031
-10031
-10026
-10025
-10020
-10003
-10003
-10002
-9989
-9980
-9956
-9953
-9939
-9938
-9935
-9931
-9921
-9918
-9916
-9914
-9907
-9897
-9895
-9892
-9892
-9885
-9879
-9879
-9877
-9869
-9854
-9854
-9849
-9848
-9848
-9847
-9835
-9824
-9821
-9819
-9817
-9812
-9801
-9801
-9798
-9787
-9784
-9784
-9779
-9759
-9753
-9745
-9727
-9726
-9726
-9718
-9717
-9711
-9709
-9706
-9705
-9704
-9702
-9686
-9682
-9678
-9675
-9674
-9672
-9649
-9647
-9647
-9642
-9641
-9627
-9623
-9610
-9609
-9606
-9603
-9591
-9577
-9577
-9575
-9575
-9573
-9563
-9560
-9559
-9558
-9548
-9547
-9543
-9535
-9523
-9517
-9517
-9515
-9505
-9500
-9499
-9492
-9491
-9489
-9483
-9477
-9469
-9450
-9447
-9446
-9433
-9433
-9431
-9424
-9421
-9417
-9410
-9408
-9398
-9385
-9384
-9377
-9363
-9351
-9348
-9347
-9344
-9344
-9342
-9340
-9330
-9319
-9316
-9286
-9281
-9278
-9267
-9260
-9252
-9251
-9238
-9234
-9228
-9226
-9223
-9191
-9191
-9181
-9174
-9166
-9166
-9153
-9119
-9117
-9117
-9114
-9111
-9109
-9109
-9105
-9104
-9085
-9084
-9075
-9073
-9072
-9066
-9064
-9053
-9052
-9051
-9049
-9046
-9040
-9038
-9035
-9021
-9017
-8985
-8977
-8975
-8974
-8972
-8971
-8960
-8949
-8947
-8944
-8938
-8937
-8935
-8918
-8916
-8906
-8906
-8893
-8889
-8886
-8884
-8883
-8882
-8872
-8857
-8856
-8854
-8852
-8843
-8829
-8826
-8814
-8805
-8801
-8800
-8795
-8788
-8781
-8781
-8780
-8778
-8772
-8771
-8768
-8764
-8736
-8732
-8713
-8712
-8705
-8699
-8696
-8694
-8684
-8672
-8666
-8655
-8654
-8639
-8625
-8619
-8617
-8606
-8606
-8583
-8582
-8579
-8565
-8560
-8558
-8554
-8549
-8542
-8518
-8518
-8516
-8513
-8507
-8502
-8501
-8494
-8490
-8481
-8472
-8471
-8470
-8461
-8459
-8457
-8445
-8439
-8437
-8437
-8430
-8428
-8413
-8407
-8404
-8402
-8397
-8394
-8392
-8371
-8367
-8357
-8356
-8355
-8352
-8341
-8334
-8333
-8326
-8325
-8324
-8323
-8322
-8320
-8316
-8314
-8303
-8302
-8295
-8289
-8282
-8269
-8269
-8260
-8253
-8245
-8244
-8223
-8221
-8217
-8194
-8191
-8189
-8186
-8184
-8184
-8171
-8166
-8150
-8146
-8145
-8136
-8129
-8117
-8106
-8100
-8099
-8097
-8086
-8078
-8073
-8066
-8058
-8056
-8044
-8033
-8023
-8021
-8011
-8010
-7992
-7984
-7983
-7983
-7983
-7971
-7956
-7955
-7941
-7939
-7911
-7910
-7903
-7896
-7891
-7883
-7882
-7882
-7880
-7852
-7839
-7829
-7818
-7817
-7816
-7812
-7783
-7776
-7772
-7766
-7764
-7763
-7762
-7751
-7742
-7736
-7713
-7707
-7697
-7695
-7681
-7679
-7666
-7642
-7622
-7621
-7616
-7612
-7592
-7589
-7584
-7579
-7571
-7565
-7560
-7555
-7539
-7526
-7524
-7523
-7521
-7517
-7515
-7513
-7510
-7503
-7499
-7491
-7483
-7483
-7480
-7467
-7464
-7459
-7455
-7441
-7439
-7439
-7434
-7430
-7427
-7425
-7423
-7408
-7396
-7394
-7386
-7379
-7374
-7352
-7350
-7349
-7343
-7331
-7329
-7319
-7306
-7306
-7303
-7302
-7301
-7293
-7285
-7273
-7270
-7270
-7268
-7264
-7259
-7248
-7243
-7241
-7241
-7239
-7239
-7234
-7230
-7214
-7212
-7210
-7205
-7197
-7177
-7171
-7164
-7158
-7148
-7143
-7143
-7139
-7127
-7125
-7115
-7113
-7108
-7092
-7082
-7059
-7045
-7039
-7029
-7027
-7019
-7013
-7010
-7008
-7006
-7000
-6950
-6947
-6940
-6917
-6916
-6914
-6894
-6884
-6879
-6868
-6867
-6864
-6851
-6845
-6834
-6831
-6826
-6825
-6815
-6811
-6811
-6801
-6799
-6795
-6792
-6789
-6788
-6777
-6776
-6773
-6768
-6760
-6756
-6745
-6742
-6739
-6738
-6736
-6736
-6726
-6718
-6707
-6701
-6687
-6683
-6678
-6673
-6666
-6663
-6656
-6638
-6624
-6615
-6612
-6611
-6605
-6605
-6598
-6596
-6589
-6570
-6560
-6554
-6509
-6487
-6485
-6479
-6475
-6467
-6457
-6452
-6448
-6448
-6427
-6426
-6425
-6424
-6424
-6422
-6411
-6409
-6405
-6402
-6380
-6379
-6377
-6375
-6374
-6369
-6358
-6351
-6345
-6335
-6332
-6319
-6311
-6304
-6299
-6286
-6286
-6280
-6276
-6274
-6271
-6261
-6253
-6253
-6244
-6241
-6239
-6239
-6236
-6233
-6224
-6220
-6218
-6216
-6213
-6212
-6207
-6196
-6189
-6185
-6182
-6180
-6164
-6159
-6153
-6136
-6132
-6129
-6124
-6122
-6120
-6117
-6104
-6097
-6069
-6063
-6051
-6040
-6040
-6034
-6018
-6002
-5997
-5988
-5975
-5970
-5944
-5944
-5934
-5928
-5925
-5917
-5897
-5893
-5883
-5875
-5855
-5846
-5842
-5841
-5840
-5826
-5825
-5817
-5814
-5811
-5806
-5798
-5796
-5795
-5795
-5786
-5783
-5782
-5777
-5776
-5772
-5772
-5771
-5753
-5724
-5711
-5707
-5696
-5686
-5676
-5660
-5658
-5650
-5619
-5615
-5613
-5611
-5605
-5604
-5601
-5601
-5597
-5583
-5553
-5547
-5543
-5526
-5524
-5518
-5495
-5494
-5491
-5484
-5483
-5477
-5463
-5461
-5453
-5444
-5439
-5435
-5424
-5422
-5413
-5408
-5390
-5387
-5377
-5371
-5365
-5361
-5360
-5359
-5344
-5341
-5338
-5333
-5318
-5312
-5300
-5298
-5290
-5287
-5280
-5253
-5247
-5241
-5236
-5225
-5223
-5215
-5212
-5207
-5200
-5200
-5199
-5196
-5194
-5181
-5173
-5166
-5159
-5159
-5159
-5141
-5133
-5132
-5127
-5121
-5119
-5118
-5117
-5112
-5111
-5104
-5090
-5084
-5080
-5076
-5070
-5070
-5059
-5058
-5040
-5035
-5031
-5019
-5010
-5000
-4976
-4963
-4962
-4935
-4929
-4916
-4907
-4905
-4905
-4898
-4898
-4892
-4891
-4881
-4880
-4877
-4876
-4871
-4870
-4859
-4859
-4856
-4830
-4779
-4753
-4751
-4750
-4747
-4737
-4723
-4714
-4706
-4700
-4699
-4698
-4677
-4672
-4654
-4652
-4649
-4647
-4647
-4645
-4635
-4633
-4632
-4631
-4630
-4627
-4619
-4589
-4587
-4579
-4573
-4570
-4553
-4547
-4537
-4537
-4537
-4533
-4525
-4521
-4521
-4520
-4517
-4512
-4512
-4512
-4512
-4507
-4507
-4501
-4490
-4479
-4479
-4469
-4469
-4465
-4458
-4453
-4446
-4433
-4429
-4424
-4420
-4419
-4419
-4399
-4398
-4397
-4376
-4375
-4375
-4374
-4371
-4368
-4366
-4359
-4355
-4349
-4347
-4347
-4344
-4334
-4305
-4301
-4301
-4293
-4290
-4290
-4285
-4277
-4275
-4275
-4255
-4254
-4237
-4235
-4226
-4216
-4205
-4204
-4199
-4197
-4189
-4174
-4170
-4169
-4167
-4164
-4161
-4160
-4133
-4131
-4122
-4120
-4107
-4089
-4079
-4075
-4067
-4055
-4047
-4044
-4042
-4042
-4039
-4037
-4030
-4026
-4026
-4023
-4022
-4020
-3997
-3996
-3994
-3980
-3978
-3968
-3963
-3959
-3959
-3957
-3949
-3949
-3948
-3944
-3940
-3938
-3935
-3931
-3930
-3922
-3919
-3916
-3915
-3905
-3900
-3900
-3891
-3883
-3868
-3865
-3863
-3847
-3847
-3844
-3842
-3841
-3827
-3826
-3821
-3816
-3808
-3801
-3796
-3791
-3789
-3784
-3779
-3775
-3775
-3762
-3751
-3746
-3739
-3728
-3727
-3724
-3716
-3714
-3713
-3707
-3696
-3687
-3682
-3650
-3641
-3618
-3617
-3602
-3598
-3589
-3577
-3577
-3566
-3561
-3529
-3528
-3527
-3509
-3500
-3500
-3494
-3491
-3481
-3479
-3452
-3425
-3415
-3413
-3410
-3405
-3404
-3403
-3386
-3353
-3350
-3349
-3333
-3333
-3333
-3318
-3301
-3279
-3272
-3270
-3263
-3255
-3253
-3252
-3252
-3251
-3240
-3238
-3228
-3224
-3208
-3208
-3207
-3205
-3190
-3177
-3167
-3156
-3149
-3142
-3131
-3122
-3121
-3116
-3103
-3098
-3091
-3087
-3083
-3081
-3063
-3045
-3021
-3013
-3010
-2980
-2978
-2975
-2974
-2972
-2969
-2968
-2956
-2954
-2952
-2927
-2927
-2906
-2903
-2900
-2894
-2890
-2889
-2885
-2869
-2860
-2851
-2833
-2832
-2829
-2828
-2827
-2819
-2818
-2808
-2800
-2773
-2771
-2768
-2766
-2758
-2751
-2749
-2748
-2748
-2738
-2734
-2732
-2732
-2728
-2720
-2694
-2690
-2686
-2682
-2670
-2668
-2661
-2660
-2647
-2641
-2620
-2611
-2608
-2604
-2602
-2601
-2590
-2587
-2583
-2576
-2573
-2563
-2562
-2558
-2555
-2545
-2538
-2536
-2526
-2524
-2512
-2510
-2502
-2501
-2494
-2493
-2487
-2476
-2474
-2473
-2470
-2467
-2464
-2450
-2440
-2439
-2432
-2426
-2421
-2414
-2409
-2409
-2398
-2392
-2384
-2383
-2383
-2379
-2378
-2369
-2364
-2345
-2315
-2308
-2296
-2288
-2269
-2268
-2265
-2244
-2230
-2225
-2217
-2211
-2211
-2201
-2201
-2194
-2191
-2180
-2177
-2168
-2167
-2161
-2149
-2137
-2132
-2132
-2128
-2120
-2117
-2111
-2106
-2099
-2093
-2086
-2086
-2079
-2079
-2074
-2063
-2057
-2048
-2047
-2045
-2032
-2025
-2010
-2006
-1996
-1993
-1992
-1979
-1971
-1969
-1957
-1957
-1950
-1940
-1923
-1913
-1908
-1905
-1904
-1895
-1886
-1886
-1876
-1873
-1827
-1807
-1791
-1788
-1785
-1773
-1772
-1765
-1761
-1753
-1746
-1745
-1712
-1704
-1702
-1700
-1696
-1693
-1684
-1683
-1675
-1661
-1658
-1654
-1639
-1639
-1635
-1633
-1624
-1623
-1612
-1611
-1608
-1605
-1601
-1601
-1596
-1590
-1589
-1586
-1585
-1584
-1581
-1576
-1569
-1567
-1559
-1557
-1554
-1550
-1530
-1530
-1522
-1511
-1509
-1502
-1501
-1485
-1483
-1475
-1460
-1455
-1448
-1447
-1447
-1445
-1444
-1444
-1442
-1436
-1422
-1409
-1399
-1368
-1350
-1347
-1342
-1335
-1330
-1323
-1321
-1317
-1312
-1307
-1301
-1296
-1294
-1282
-1272
-1269
-1262
-1259
-1250
-1250
-1249
-1223
-1215
-1214
-1213
-1201
-1190
-1188
-1187
-1183
-1175
-1169
-1160
-1159
-1159
-1139
-1135
-1127
-1121
-1118
-1108
-1106
-1084
-1074
-1062
-1046
-1040
-1034
-1024
-1021
-1015
-1006
-1002
-1000
-984
-978
-976
-953
-948
-946
-944
-936
-927
-926
-923
-912
-908
-908
-906
-895
-890
-884
-883
-867
-858
-855
-847
-845
-841
-831
-824
-816
-810
-788
-788
-777
-765
-762
-757
-750
-747
-743
-734
-732
-728
-714
-700
-695
-689
-664
-664
-663
-662
-662
-625
-618
-613
-609
-602
-600
-600
-597
-586
-564
-542
-541
-540
-536
-535
-530
-524
-517
-515
-514
-510
-507
-505
-498
-495
-491
-477
-472
-468
-465
-465
-463
-457
-448
-447
-424
-416
-415
-415
-408
-374
-357
-356
-352
-344
-341
-340
-336
-315
-313
-304
-301
-295
-284
-272
-269
-259
-257
-256
-253
-252
-251
-231
-229
-225
-221
-218
-202
-200
-185
-185
-174
-172
-171
-168
-155
-155
-151
-147
-147
-146
-144
-143
-140
-136
-121
-113
-101
-94
-74
-66
-52
-52
-47
-44
-43
-43
-38
-38
-38
-34
-33
-16
-16
-12
-4
4
5
11
11
15
19
43
45
47
58
60
61
68
71
79
83
84
94
96
99
102
103
115
150
150
153
156
156
157
159
160
163
167
186
189
189
189
190
195
197
201
206
209
214
223
227
240
251
259
263
268
270
274
297
309
310
314
316
330
333
334
339
353
354
359
371
378
414
422
422
428
428
435
437
439
446
447
449
460
466
469
474
480
501
517
524
526
540
541
543
549
560
595
602
605
612
617
631
637
643
650
652
661
667
674
677
701
716
722
726
729
730
732
746
754
762
769
782
791
807
810
824
835
838
845
849
852
877
879
885
894
896
899
912
920
922
928
936
947
949
953
956
957
966
969
983
986
995
1031
1038
1041
1042
1049
1053
1079
1081
1098
1102
1110
1117
1128
1135
1152
1154
1161
1165
1171
1177
1178
1194
1217
1222
1230
1237
1244
1263
1264
1275
1280
1284
1286
1291
1308
1309
1311
1317
1318
1333
1340
1356
1361
1364
1365
1367
1375
1386
1387
1399
1401
1416
1417
1417
1419
1420
1426
1429
1442
1475
1476
1486
1489
1491
1501
1525
1536
1537
1538
1540
1546
1549
1549
1554
1558
1560
1560
1562
1578
1587
1588
1588
1591
1597
1599
1601
1605
1611
1620
1621
1628
1631
1635
1640
1642
1650
1653
1671
1672
1677
1679
1684
1693
1699
1700
1712
1712
1718
1722
1729
1730
1733
1745
1758
1760
1763
1775
1782
1788
1813
1819
1824
1834
1838
1845
1850
1852
1857
1884
1891
1895
1897
1899
1904
1933
1941
1958
1967
1978
1978
1980
1982
1994
1997
2000
2002
2012
2012
2014
2030
2034
2034
2037
2050
2062
2063
2069
2081
2082
2082
2083
2086
2089
2094
2104
2110
2118
2128
2129
2132
2134
2139
2154
2163
2175
2176
2176
2176
2179
2181
2186
2190
2195
2196
2202
2210
2214
2215
2218
2242
2244
2253
2255
2265
2267
2272
2275
2298
2305
2322
2333
2338
2345
2349
2350
2362
2367
2381
2383
2404
2406
2410
2412
2418
2422
2423
2440
2441
2442
2443
2450
2460
2468
2468
2472
2489
2496
2496
2505
2513
2518
2524
2533
2540
2541
2548
2555
2560
2563
2566
2572
2586
2590
2593
2594
2601
2633
2641
2646
2647
2655
2657
2658
2661
2672
2673
2675
2675
2685
2687
2690
2690
2693
2694
2697
2702
2704
2714
2724
2732
2732
2744
2749
2749
2765
2773
2776
2784
2789
2795
2798
2810
2814
2821
2821
2825
2825
2839
2862
2866
2872
2893
2894
2897
2917
2921
2923
2932
2933
2946
2949
2951
2957
2960
2961
2964
2965
2971
2981
2984
2985
2990
2995
2998
3001
3005
3006
3006
3010
3017
3018
3020
3021
3029
3035
3046
3054
3058
3062
3084
3085
3086
3088
3088
3094
3101
3103
3103
3112
3115
3124
3130
3139
3144
3149
3161
3163
3168
3171
3182
3183
3184
3189
3200
3202
3230
3235
3236
3240
3251
3252
3256
3264
3276
3298
3298
3301
3345
3348
3348
3350
3351
3351
3381
3386
3390
3396
3408
3418
3421
3422
3426
3427
3434
3438
3465
3484
3488
3489
3504
3510
3515
3517
3519
3536
3540
3541
3553
3561
3574
3575
3578
3583
3585
3585
3591
3593
3600
3602
3604
3607
3611
3615
3618
3623
3626
3631
3642
3652
3660
3662
3668
3688
3689
3692
3698
3699
3701
3709
3710
3714
3715
3724
3726
3727
3735
3745
3756
3773
3776
3783
3804
3812
3814
3819
3829
3854
3857
3862
3863
3864
3879
3887
3894
3897
3908
3929
3931
3939
3943
3945
3948
3950
3951
3956
3960
3963
3967
3977
3983
3984
3987
3989
4009
4010
4015
4015
4017
4020
4024
4030
4039
4046
4072
4073
4083
4087
4099
4103
4108
4110
4121
4125
4127
4136
4139
4147
4149
4156
4169
4170
4174
4178
4179
4180
4192
4212
4216
4220
4248
4254
4255
4262
4279
4279
4290
4291
4307
4309
4317
4322
4339
4345
4345
4349
4355
4359
4361
4369
4373
4377
4381
4384
4385
4394
4396
4403
4408
4417
4419
4423
4427
4430
4438
4438
4440
4441
4458
4461
4471
4472
4475
4480
4483
4484
4493
4495
4497
4500
4502
4526
4535
4548
4565
4567
4570
4573
4581
4592
4603
4606
4608
4635
4641
4643
4645
4646
4649
4651
4653
4658
4658
4666
4668
4671
4684
4685
4687
4703
4705
4709
4718
4720
4720
4723
4730
4733
4736
4753
4756
4760
4768
4776
4786
4822
4823
4834
4884
4889
4894
4894
4914
4915
4916
4931
4933
4933
4941
4947
4958
4958
4960
4961
4962
4968
4978
4978
4989
5011
5016
5017
5019
5034
5042
5057
5068
5074
5082
5085
5101
5101
5128
5130
5131
5131
5136
5144
5147
5154
5157
5160
5194
5195
5197
5200
5221
5224
5225
5229
5231
5234
5235
5238
5238
5263
5277
5277
5295
5297
5301
5302
5310
5312
5313
5318
5331
5340
5340
5346
5350
5366
5384
5392
5395
5401
5409
5415
5422
5444
5445
5450
5456
5459
5466
5467
5471
5477
5480
5484
5484
5508
5510
5530
5530
5530
5533
5535
5538
5547
5550
5553
5565
5575
5576
5583
5590
5591
5591
5593
5600
5609
5615
5617
5623
5624
5630
5630
5635
5640
5645
5645
5649
5654
5665
5678
5679
5702
5702
5708
5710
5716
5717
5717
5724
5726
5727
5729
5738
5739
5740
5755
5756
5762
5768
5792
5795
5805
5807
5808
5815
5819
5822
5823
5823
5834
5837
5842
5850
5851
5854
5858
5860
5867
5870
5873
5876
5879
5883
5884
5886
5890
5898
5904
5907
5909
5925
5926
5932
5934
5935
5940
5940
5945
5950
5951
5952
5952
5954
5988
6001
6005
6009
6022
6026
6038
6061
6081
6083
6084
6094
6105
6105
6107
6108
6116
6120
6127
6129
6129
6131
6131
6138
6139
6171
6176
6177
6184
6193
6196
6200
6202
6206
6217
6230
6230
6246
6248
6250
6258
6263
6265
6266
6267
6272
6276
6283
6287
6292
6295
6296
6326
6333
6335
6346
6356
6360
6363
6379
6387
6394
6417
6418
6426
6443
6445
6460
6466
6472
6472
6483
6496
6503
6504
6509
6514
6522
6525
6532
6542
6550
6553
6567
6577
6577
6586
6589
6597
6598
6599
6600
6612
6616
6618
6622
6627
6641
6651
6653
6659
6659
6685
6695
6712
6718
6728
6729
6733
6734
6745
6745
6753
6759
6762
6765
6784
6786
6804
6825
6827
6828
6834
6837
6844
6852
6869
6882
6886
6887
6912
6913
6915
6917
6922
6929
6929
6935
6936
6941
6959
6961
6975
6977
6985
6993
6999
7023
7027
7045
7046
7052
7054
7055
7057
7065
7065
7075
7075
7101
7114
7114
7119
7119
7120
7131
7134
7140
7143
7144
7145
7145
7149
7149
7153
7156
7160
7172
7179
7185
7193
7197
7209
7220
7227
7252
7262
7272
7276
7281
7283
7288
7296
7303
7306
7328
7330
7340
7343
7344
7350
7350
7356
7356
7365
7382
7387
7388
7390
7393
7403
7405
7413
7415
7417
7420
7438
7442
7444
7449
7451
7454
7456
7491
7499
7516
7529
7539
7548
7559
7561
7571
7575
7578
7580
7589
7589
7594
7596
7603
7615
7623
7628
7631
7632
7633
7657
7658
7662
7670
7683
7688
7693
7695
7698
7702
7721
7732
7734
7739
7743
7744
7763
7763
7774
7776
7779
7783
7790
7796
7810
7817
7819
7820
7820
7824
7826
7843
7857
7861
7861
7862
7882
7897
7922
7923
7928
7935
7954
7993
8000
8011
8012
8020
8020
8024
8029
8029
8033
8037
8046
8048
8049
8053
8059
8083
8093
8103
8107
8119
8125
8134
8138
8150
8164
8179
8184
8189
8191
8194
8194
8197
8212
8224
8229
8229
8232
8235
8245
8256
8258
8263
8263
8264
8279
8286
8288
8290
8290
8292
8308
8326
8330
8338
8356
8356
8359
8367
8376
8386
8389
8397
8398
8411
8416
8423
8431
8449
8465
8466
8469
8474
8476
8483
8492
8495
8504
8541
8543
8561
8577
8582
8589
8597
8602
8605
8608
8616
8636
8642
8655
8660
8662
8668
8669
8679
8680
8696
8710
8712
8713
8723
8727
8731
8741
8743
8747
8761
8765
8771
8774
8774
8786
8794
8813
8813
8813
8814
8819
8827
8827
8828
8828
8832
8833
8842
8842
8843
8844
8864
8868
8870
8873
8880
8883
8885
8890
8891
8897
8906
8911
8914
8918
8923
8934
8938
8949
8953
8955
8956
8963
8967
8979
8980
9003
9003
9006
9006
9012
9013
9019
9021
9034
9048
9057
9058
9065
9067
9085
9085
9107
9111
9113
9113
9117
9143
9143
9150
9150
9164
9166
9174
9175
9182
9189
9191
9192
9194
9196
9198
9202
9208
9209
9225
9227
9235
9236
9244
9246
9248
9264
9306
9311
9313
9315
9317
9318
9325
9339
9343
9347
9350
9356
9363
9369
9385
9388
9390
9393
9398
9429
9429
9431
9433
9445
9446
9451
9458
9469
9469
9473
9477
9481
9489
9490
9494
9505
9516
9517
9523
9527
9531
9532
9536
9543
9545
9561
9564
9565
9588
9613
9614
9622
9622
9626
9632
9633
9656
9656
9657
9684
9690
9706
9726
9736
9739
9741
9749
9760
9763
9766
9781
9781
9808
9819
9823
9836
9842
9860
9862
9872
9882
9891
9902
9905
9907
9910
9918
9921
9925
9927
9927
9936
9964
9973
9974
9982
9989
9995
9998
10011
10026
10026
10028
10034
10037
10047
10048
10064
10064
10067
10070
10100
10104
10109
10113
10113
10113
10114
10121
10122
10131
10139
10141
10148
10157
10168
10171
10177
10185
10197
10211
10215
10227
10231
10233
10236
10240
10254
10267
10268
10275
10283
10287
10291
10291
10296
10304
10309
10311
10323
10328
10341
10358
10366
10370
10371
10371
10379
10379
10387
10387
10396
10396
10440
10444
10448
10449
10469
10472
10476
10486
10502
10508
10511
10522
10534
10534
10541
10551
10570
10578
10582
10600
10613
10627
10636
10642
10643
10645
10648
10660
10670
10673
10686
10687
10695
10705
10713
10714
10715
10726
10744
10757
10759
10789
10805
10819
10828
10841
10843
10845
10847
10848
10854
10864
10878
10888
10894
10903
10906
10907
10931
10938
10942
10942
10946
10950
10958
10962
10992
11004
11031
11037
11042
11046
11067
11069
11072
11078
11079
11102
11104
11162
11170
11177
11186
11186
11188
11191
11193
11194
11195
11195
11200
11217
11223
11243
11250
11255
11264
11272
11274
11285
11291
11294
11304
11314
11325
11332
11336
11339
11342
11350
11353
11355
11358
11359
11360
11362
11391
11393
11393
11409
11409
11409
11418
11437
11446
11447
11451
11454
11455
11466
11474
11475
11475
11480
11488
11496
11500
11502
11544
11546
11558
11566
11568
11590
11591
11598
11603
11606
11613
11629
11642
11645
11647
11650
11654
11658
11662
11667
11671
11678
11685
11686
11688
11694
11700
11713
11714
11719
11732
11732
11736
11738
11748
11748
11752
11755
11761
11764
11773
11785
11786
11788
11798
11805
11811
11812
11812
11823
11830
11837
11848
11849
11856
11857
11861
11869
11870
11877
11891
11896
11902
11913
11916
11918
11923
11957
11958
11985
11986
11991
12005
12007
12013
12013
12046
12046
12047
12064
12067
12068
12072
12076
12093
12098
12113
12115
12120
12130
12132
12133
12152
12154
12164
12170
12174
12175
12176
12178
12179
12181
12193
12205
12213
12215
12220
12223
12239
12240
12252
12257
12270
12270
12280
12280
12283
12288
12289
12290
12307
12317
12319
12323
12341
12343
12354
12370
12375
12377
12378
12380
12399
12399
12408
12426
12433
12440
12448
12455
12465
12470
12471
12479
12482
12499
12501
12502
12506
12507
12525
12527
12538
12546
12549
12570
12576
12594
12595
12600
12602
12614
12617
12634
12637
12654
12661
12663
12670
12673
12676
12677
12682
12685
12692
12692
12700
12701
12736
12759
12768
12774
12779
12780
12783
12786
12793
12797
12799
12799
12810
12821
12822
12822
12829
12830
12838
12843
12861
12866
12881
12886
12886
12886
12911
12916
12920
12923
12928
12930
12935
12939
12948
12955
12964
12970
12974
12983
12989
12997
13009
13015
13024
13025
13035
13038
13042
13045
13046
13050
13052
13065
13083
13083
13091
13105
13107
13114
13116
13121
13125
13145
13148
13159
13160
13162
13190
13193
13207
13216
13217
13244
13263
13279
13282
13303
13313
13313
13317
13331
13342
13348
13362
13373
13375
13376
13383
13389
13390
13409
13409
13410
13413
13419
13421
13421
13422
13435
13448
13453
13458
13464
13470
13473
13474
13484
13485
13488
13489
13493
13494
13498
13501
13501
13502
13514
13515
13525
13533
13570
13579
13600
13611
13615
13619
13624
13646
13650
13657
13661
13667
13674
13674
13676
13689
13690
13708
13708
13714
13723
13724
13738
13754
13764
13781
13790
13800
13806
13808
13816
13817
13820
13827
13831
13834
13842
13847
13850
13851
13860
13865
13871
13886
13893
13896
13900
13909
13917
13933
13961
13975
13987
13990
13993
13999
14004
14005
14009
14011
14025
14034
14039
14057
14063
14064
14064
14075
14076
14078
14078
14079
14083
14087
14099
14100
14119
14126
14132
14139
14139
14145
14145
14145
14149
14155
14158
14160
14160
14162
14179
14183
14187
14188
14200
14219
14225
14231
14241
14243
14267
14279
14281
14282
14283
14288
14290
14295
14301
14302
14303
14309
14311
14314
14329
14335
14340
14342
14345
14361
14363
14374
14376
14388
14400
14407
14409
14416
14417
14420
14422
14433
14435
14436
14442
14444
14447
14456
14457
14467
14467
14471
14473
14478
14491
14494
14499
14503
14508
14512
14527
14542
14548
14555
14556
14557
14559
14561
14566
14585
14587
14594
14599
14601
14605
14611
14614
14619
14622
14634
14635
14636
14638
14643
14644
14645
14658
14677
14693
14701
14704
14711
14718
14722
14723
14731
14762
14768
14806
14811
14817
14818
14831
14836
14847
14852
14855
14866
14875
14877
14879
14884
14894
14895
14897
14907
14908
14911
14941
14943
14967
14980
14985
14992
14998
15005
15011
15020
15025
15030
15033
15042
15049
15068
15076
15079
15080
15086
15100
15119
15120
15122
15122
15123
15133
15156
15165
15175
15176
15178
15180
15182
15183
15187
15190
15199
15228
15239
15241
15245
15255
15260
15309
15318
15326
15344
15359
15360
15362
15388
15391
15402
15415
15417
15421
15450
15468
15469
15471
15482
15485
15495
15503
15504
15514
15522
15531
15532
15538
15539
15539
15547
15547
15553
15557
15561
15569
15579
15593
15594
15604
15621
15629
15630
15631
15637
15652
15662
15664
15667
15716
15716
15718
15731
15732
15734
15739
15741
15746
15749
15765
15774
15776
15776
15778
15782
15784
15787
15798
15801
15824
15836
15837
15851
15852
15853
15856
15861
15865
15874
15878
15893
15901
15912
15915
15921
15926
15934
15935
15947
15948
15960
15967
15967
15967
15969
15987
15993
15993
15997
16005
16010
16014
16017
16024
16024
16029
16038
16062
16063
16064
16066
16068
16080
16080
16110
16111
16111
16113
16129
16135
16140
16143
16144
16153
16158
16214
16214
16216
16223
16232
16243
16255
16273
16299
16300
16300
16301
16319
16319
16342
16347
16347
16382
16382
16388
16394
16394
16408
16413
16423
16425
16425
16444
16450
16451
16454
16454
16456
16465
16472
16488
16508
16510
16524
16528
16536
16547
16548
16551
16569
16571
16571
16572
16579
16580
16588
16589
16595
16596
16596
16613
16616
16628
16629
16631
16634
16636
16640
16642
16649
16653
16657
16658
16664
16675
16683
16690
16702
16703
16705
16707
16715
16716
16735
16736
16741
16747
16751
16753
16761
16764
16777
16785
16786
16790
16791
16800
16809
16825
16828
16830
16831
16837
16837
16838
16845
16846
16850
16851
16862
16866
16872
16873
16875
16877
16882
16886
16889
16904
16914
16917
16917
16919
16923
16924
16926
16948
16953
16955
16966
16972
16974
16975
16977
16994
17014
17016
17022
17038
17043
17047
17053
17053
17054
17058
17060
17064
17066
17068
17089
17098
17101
17107
17122
17128
17138
17148
17148
17180
17182
17192
17200
17205
17208
17212
17212
17220
17220
17229
17231
17242
17244
17254
17258
17264
17274
17283
17286
17287
17305
17309
17310
17327
17330
17340
17342
17352
17356
17358
17364
17369
17370
17373
17377
17382
17398
17402
17403
17404
17412
17415
17421
17423
17432
17438
17440
17478
17481
17490
17490
17498
17501
17504
17507
17511
17512
17515
17515
17520
17524
17539
17548
17551
17567
17568
17568
17585
17598
17606
17610
17612
17614
17623
17624
17625
17630
17634
17642
17656
17665
17666
17682
17691
17692
17705
17705
17708
17717
17724
17733
17735
17741
17743
17747
17750
17753
17754
17764
17764
17771
17783
17803
17804
17807
17815
17826
17836
17838
17841
17842
17864
17874
17885
17888
17889
17899
17904
17911
17926
17926
17931
17939
17940
17950
17970
17976
17977
17978
17986
17992
18006
18013
18015
18016
18020
18026
18049
18075
18078
18079
18090
18092
18095
18099
18102
18115
18120
18123
18137
18141
18153
18170
18171
18173
18201
18203
18239
18248
18258
18267
18267
18278
18286
18299
18301
18306
18314
18326
18327
18339
18348
18359
18388
18405
18406
18418
18419
18433
18437
18439
18442
18445
18447
18450
18452
18455
18461
18470
18474
18478
18479
18482
18491
18494
18496
18500
18511
18512
18522
18548
18550
18557
18562
18568
18568
18575
18579
18597
18609
18611
18616
18626
18627
18630
18636
18638
18642
18643
18647
18649
18664
18678
18678
18682
18685
18687
18698
18719
18720
18722
18727
18727
18729
18729
18742
18774
18777
18782
18790
18803
18809
18811
18813
18818
18823
18825
18828
18844
18851
18852
18858
18860
18861
18872
18881
18890
18898
18916
18932
18952
18954
18957
18968
18970
18971
18978
18980
19015
19020
19021
19026
19029
19038
19054
19055
19068
19073
19073
19078
19086
19090
19101
19103
19118
19137
19141
19142
19146
19156
19157
19168
19180
19190
19192
19198
19199
19200
19205
19210
19231
19232
19246
19250
19252
19258
19265
19266
19274
19275
19276
19279
19279
19280
19286
19297
19298
19300
19302
19302
19306
19316
19318
19321
19321
19334
19336
19336
19341
19342
19348
19364
19367
19368
19372
19373
19377
19378
19378
19380
19394
19397
19400
19404
19414
19415
19417
19421
19423
19428
19429
19433
19449
19451
19455
19477
19504
19528
19530
19532
19534
19534
19544
19552
19553
19560
19561
19562
19564
19568
19570
19572
19574
19579
19598
19605
19608
19610
19611
19613
19614
19623
19625
19632
19641
19642
19644
19645
19664
19666
19689
19690
19691
19692
19700
19713
19727
19731
19733
19739
19740
19750
19757
19774
19779
19779
19791
19807
19819
19819
19832
19841
19854
19858
19864
19889
19893
19896
19900
19905
19927
19932
19938
19940
19951
19952
19955
19955
19962
19963
19966
19970
19973
19979
19986
20000
20004
20007
20014
20015
20035
20037
20040
20045
20055
20063
20075
20084
20090
20096
20097
20110
20113
20122
20126
20129
20130
20137
20142
20144
20150
20158
20161
20198
20204
20210
20217
20221
20223
20223
20228
20239
20245
20246
20263
20271
20274
20283
20288
20288
20292
20292
20293
20306
20306
20313
20334
20340
20350
20363
20373
20385
20389
20394
20394
20395
20398
20405
20408
20408
20409
20412
20414
20419
20438
20448
20462
20463
20464
20468
20469
20471
20475
20484
20485
20486
20487
20493
20497
20521
20524
20527
20530
20532
20535
20536
20543
20545
20558
20562
20573
20584
20587
20595
20598
20601
20628
20638
20643
20652
20662
20682
20683
20692
20709
20713
20725
20725
20730
20737
20740
20743
20746
20748
20753
20754
20760
20776
20778
20786
20788
20801
20804
20808
20817
20817
20822
20822
20829
20829
20829
20838
20859
20860
20867
20893
20896
20904
20907
20908
20914
20925
20927
20930
20934
20939
20942
20949
20956
20959
20963
20967
20971
20975
20977
20980
20984
20994
21011
21015
21017
21034
21035
21048
21054
21060
21064
21067
21083
21085
21088
21105
21107
21107
21115
21130
21130
21132
21132
21140
21146
21146
21147
21147
21147
21151
21157
21158
21161
21163
21171
21185
21197
21198
21202
21209
21212
21216
21223
21225
21227
21232
21251
21262
21267
21274
21278
21278
21289
21291
21294
21294
21296
21303
21317
21337
21341
21343
21346
21347
21350
21354
21362
21383
21386
21402
21410
21421
21422
21431
21436
21438
21441
21449
21461
21480
21485
21485
21495
21495
21502
21504
21505
21505
21506
21512
21520
21523
21524
21528
21530
21542
21549
21551
21553
21560
21567
21569
21574
21574
21579
21582
21599
21610
21640
21649
21661
21668
21670
21690
21696
21697
21704
21705
21706
21710
21728
21733
21753
21759
21763
21784
21788
21804
21811
21815
21817
21819
21819
21819
21826
21832
21843
21845
21845
21846
21847
21880
21899
21900
21901
21909
21910
21911
21918
21921
21924
21925
21936
21941
21963
21964
21968
21993
21993
22003
22006
22008
22014
22019
22030
22032
22035
22058
22062
22066
22066
22077
22082
22088
22089
22096
22100
22101
22109
22112
22122
22127
22131
22144
22145
22151
22151
22157
22196
22196
22198
22198
22200
22204
22217
22228
22234
22241
22246
22248
22250
22260
22266
22277
22287
22289
22291
22300
22307
22320
22332
22337
22339
22352
22356
22360
22374
22385
22385
22388
22391
22394
22400
22404
22405
22405
22409
22422
22425
22427
22427
22429
22436
22437
22438
22464
22473
22479
22483
22491
22497
22516
22516
22531
22533
22540
22540
22544
22547
22586
22587
22589
22590
22614
22633
22633
22636
22640
22655
22668
22676
22677
22690
22696
22704
22708
22709
22714
22722
22727
22737
22747
22749
22753
22753
22758
22762
22768
22770
22778
22797
22799
22802
22807
22810
22810
22811
22812
22813
22818
22832
22845
22859
22863
22863
22866
22872
22875
22877
22885
22889
22893
22898
22898
22914
22924
22926
22929
22933
22935
22940
22947
22960
22964
22966
22970
22978
22985
22990
22994
22996
23007
23014
23014
23018
23020
23020
23030
23037
23039
23041
23042
23045
23052
23069
23075
23082
23084
23086
23087
23095
23097
23099
23104
23107
23112
23132
23133
23134
23135
23138
23147
23151
23153
23154
23154
23159
23161
23161
23170
23181
23190
23192
23198
23205
23208
23210
23218
23218
23233
23238
23241
23247
23262
23279
23280
23283
23287
23288
23293
23299
23301
23307
23307
23317
23322
23330
23330
23332
23338
23340
23346
23349
23362
23372
23372
23377
23380
23390
23395
23399
23412
23413
23414
23414
23417
23422
23446
23451
23455
23455
23463
23468
23472
23484
23485
23494
23505
23506
23515
23517
23519
23528
23528
23529
23535
23536
23555
23559
23577
23581
23582
23588
23594
23600
23601
23601
23608
23614
23616
23617
23633
23637
23640
23663
23667
23675
23676
23677
23678
23680
23684
23686
23687
23690
23692
23700
23702
23708
23710
23718
23723
23726
23734
23746
23751
23752
23753
23755
23765
23772
23773
23783
23792
23793
23801
23805
23815
23823
23828
23849
23864
23873
23874
23880
23884
23886
23902
23912
23916
23923
23925
23932
23935
23955
23956
23964
23990
24000
24006
24006
24008
24016
24017
24022
24025
24033
24036
24050
24052
24058
24069
24073
24078
24082
24092
24096
24103
24105
24114
24120
24125
24128
24136
24144
24159
24161
24168
24171
24172
24177
24181
24187
24193
24197
24199
24200
24206
24220
24295
24297
24306
24310
24320
24324
24334
24335
24352
24354
24357
24392
24396
24420
24424
24433
24443
24444
24445
24455
24462
24463
24473
24477
24481
24481
24487
24498
24506
24510
24521
24523
24525
24527
24540
24541
24549
24549
24575
24576
24576
24579
24591
24597
24608
24620
24632
24641
24643
24663
24664
24665
24670
24686
24700
24702
24702
24708
24734
24735
24745
24756
24756
24778
24779
24788
24788
24805
24816
24821
24828
24830
24834
24844
24849
24858
24873
24880
24885
24885
24899
24900
24916
24918
24920
24921
24941
24943
24947
24955
24965
24966
24985
24989
24991
24992
24995
25000
25003
25017
25020
25020
25024
25024
25027
25029
25032
25041
25042
25046
25048
25049
25056
25064
25069
25069
25071
25085
25103
25104
25120
25127
25131
25141
25146
25147
25154
25158
25162
25173
25177
25180
25186
25191
25193
25200
25204
25206
25223
25241
25247
25250
25262
25263
25264
25276
25276
25288
25300
25317
25322
25331
25333
25362
25364
25379
25395
25395
25400
25403
25404
25409
25409
25410
25427
25429
25431
25436
25442
25442
25444
25462
25464
25465
25488
25491
25491
25496
25497
25521
25524
25525
25526
25530
25539
25543
25547
25548
25555
25557
25558
25565
25575
25606
25627
25632
25634
25635
25646
25646
25655
25656
25685
25687
25713
25714
25715
25719
25720
25720
25726
25728
25733
25740
25744
25749
25756
25764
25772
25773
25775
25800
25818
25823
25853
25860
25872
25878
25882
25895
25899
25907
25912
25913
25915
25926
25938
25949
25954
25960
25968
25971
25985
25994
26005
26032
26037
26043
26057
26065
26065
26069
26069
26070
26074
26079
26096
26097
26098
26121
26126
26136
26141
26142
26145
26146
26151
26162
26181
26190
26197
26212
26227
26229
26231
26235
26242
26243
26253
26264
26278
26284
26284
26294
26300
26301
26305
26308
26318
26320
26325
26325
26327
26342
26346
26346
26359
26363
26367
26381
26392
26398
26408
26416
26434
26440
26443
26446
26447
26478
26486
26488
26490
26509
26512
26523
26525
26547
26563
26564
26567
26571
26575
26581
26590
26592
26599
26600
26610
26613
26619
26627
26628
26628
26639
26642
26647
26649
26651
26651
26657
26660
26687
26689
26689
26697
26702
26707
26710
26730
26735
26754
26761
26761
26761
26765
26787
26790
26807
26812
26813
26820
26821
26840
26849
26854
26856
26877
26878
26886
26890
26895
26895
26897
26917
26918
26940
26948
26954
26962
26962
26970
26975
26979
26980
26997
26998
27020
27020
27020
27025
27039
27042
27044
27058
27071
27093
27102
27104
27106
27115
27117
27131
27142
27147
27148
27184
27185
27185
27186
27192
27194
27196
27206
27225
27230
27237
27238
27240
27241
27248
27249
27265
27267
27276
27282
27283
27288
27297
27299
27319
27322
27328
27331
27337
27349
27351
27365
27381
27384
27393
27395
27403
27403
27421
27425
27435
27436
27445
27454
27457
27460
27464
27480
27503
27508
27518
27522
27527
27533
27535
27544
27544
27549
27551
27553
27561
27565
27578
27591
27598
27603
27608
27609
27612
27628
27629
27632
27632
27646
27651
27661
27669
27671
27681
27681
27683
27688
27691
27694
27699
27705
27713
27720
27721
27743
27747
27752
27770
27772
27773
27776
27784
27787
27794
27796
27803
27816
27837
27862
27878
27896
27898
27911
27915
27923
27923
27926
27930
27932
27933
27943
27948
27948
27956
27965
27970
27983
27995
27995
28002
28004
28010
28015
28017
28021
28029
28034
28034
28036
28046
28050
28055
28065
28068
28075
28087
28091
28108
28112
28112
28122
28140
28154
28156
28157
28159
28161
28166
28168
28170
28172
28173
28174
28179
28185
28188
28203
28207
28211
28215
28225
28225
28234
28236
28240
28244
28244
28245
28249
28261
28263
28267
28276
28277
28280
28285
28300
28311
28317
28321
28355
28356
28359
28363
28364
28365
28371
28371
28375
28377
28387
28389
28390
28391
28398
28411
28421
28423
28437
28439
28456
28461
28467
28468
28470
28478
28486
28492
28498
28510
28515
28516
28517
28525
28530
28539
28552
28561
28564
28567
28574
28581
28587
28598
28598
28608
28621
28622
28636
28644
28649
28650
28653
28660
28674
28681
28687
28688
28697
28702
28704
28714
28714
28719
28729
28731
28750
28755
28770
28772
28789
28789
28794
28805
28805
28832
28833
28836
28840
28859
28863
28864
28868
28870
28872
28873
28877
28881
28909
28910
28917
28922
28927
28931
28940
28950
28951
28956
28964
28965
28969
28972
28974
28975
28975
28987
28994
29002
29002
29007
29013
29017
29021
29025
29026
29026
29030
29032
29035
29039
29039
29049
29050
29052
29071
29072
29079
29079
29080
29096
29096
29116
29117
29124
29125
29142
29143
29145
29150
29162
29163
29174
29176
29191
29194
29196
29199
29201
29208
29209
29211
29216
29216
29220
29231
29235
29237
29240
29247
29254
29256
29258
29268
29281
29282
29282
29284
29295
29300
29301
29308
29311
29313
29317
29323
29338
29352
29352
29357
29358
29358
29358
29363
29370
29389
29394
29406
29409
29418
29424
29425
29439
29444
29451
29461
29473
29476
29483
29485
29487
29489
29491
29495
29499
29521
29524
29531
29533
29539
29550
29553
29572
29603
29615
29621
29622
29627
29632
29639
29647
29648
29649
29663
29665
29671
29675
29681
29688
29690
29690
29690
29696
29701
29717
29721
29724
29727
29733
29741
29749
29753
29759
29766
29767
29772
29772
29795
29798
29798
29799
29799
29803
29806
29808
29810
29818
29835
29840
29841
29848
29865
29871
29875
29880
29887
29890
29895
29909
29909
29911
29925
29931
29945
29957
29959
29959
29960
29967
29967
29967
29967
29969
29970
29972
29976
29978
29981
29992
29996
29997
29999
29999
30002
30007
30015
30033
30052
30056
30066
30083
30084
30092
30103
30108
30109
30121
30128
30129
30133
30143
30143
30144
30160
30160
30172
30174
30184
30190
30194
30198
30200
30211
30230
30232
30242
30249
30252
30264
30267
30267
30270
30270
30276
30290
30293
30297
30298
30299
30306
30311
30314
30317
30324
30329
30333
30336
30341
30379
30395
30402
30408
30437
30447
30451
30457
30459
30460
30474
30490
30496
30497
30503
30544
30548
30554
30558
30595
30599
30604
30618
30620
30620
30631
30635
30650
30652
30659
30659
30667
30687
30692
30694
30694
30704
30706
30710
30713
30725
30732
30733
30744
30753
30756
30756
30780
30792
30796
30806
30807
30807
30818
30833
30838
30840
30848
30850
30866
30879
30882
30884
30895
30896
30899
30900
30909
30915
30917
30921
30924
30946
30947
30954
30954
30968
30968
30968
30975
30981
30989
30991
31009
31014
31015
31017
31043
31055
31056
31056
31057
31057
31062
31076
31082
31084
31096
31099
31101
31108
31109
31111
31145
31146
31147
31149
31150
31154
31162
31162
31173
31181
31181
31183
31189
31191
31194
31222
31222
31224
31231
31231
31241
31243
31247
31253
31259
31262
31281
31285
31285
31286
31286
31288
31293
31298
31298
31300
31301
31301
31305
31312
31316
31323
31326
31327
31331
31335
31349
31374
31379
31384
31387
31391
31404
31405
31416
31418
31427
31434
31441
31441
31442
31449
31449
31455
31459
31465
31474
31480
31520
31526
31534
31542
31563
31566
31569
31575
31580
31590
31597
31599
31613
31625
31631
31638
31642
31642
31654
31655
31656
31667
31672
31680
31687
31696
31701
31706
31713
31720
31725
31731
31755
31755
31771
31778
31790
31802
31807
31810
31819
31820
31822
31827
31828
31829
31831
31832
31837
31843
31850
31853
31860
31871
31871
31884
31889
31907
31912
31928
31928
31938
31940
31943
31951
31952
31962
31964
31967
31969
31971
31982
31984
31985
31985
31995
31999
32003
32020
32024
32027
32032
32033
32033
32040
32041
32050
32050
32057
32059
32066
32073
32081
32084
32087
32094
32096
32107
32113
32119
32130
32137
32146
32148
32149
32153
32160
32174
32176
32183
32186
32200
32223
32224
32227
32243
32246
32264
32268
32280
32286
32290
32296
32306
32321
32338
32344
32346
32355
32358
32362
32367
32374
32386
32389
32392
32398
32399
32406
32412
32413
32415
32424
32425
32427
32439
32453
32454
32457
32460
32477
32478
32483
32486
32487
32492
32495
32505
32536
32536
32538
32541
32542
32548
32562
32566
32569
32575
32580
32592
32594
32601
32603
32613
32622
32632
32636
32644
32657
32660
32665
32671
32674
32677
32686
32688
32697
32702
32717
32717
32724
32730
32731
32734
32757
32759