1000
-32689
-32614
-32599
-32582
-32511
-32492
-32361
-32206
-32180
-31982
-31971
-31930
-31920
-31900
-31898
-31897
-31888
-31861
-31775
-31750
-31721
-31694
-31650
-31638
-31588
-31431
-31417
-31361
-31354
-31292
-31212
-30849
-30847
-30844
-30794
-30719
-30710
-30702
-30672
-30405
-30393
-30330
-30238
-30158
-29928
-29921
-29920
-29835
-29704
-29690
-29689
-29684
-29638
-29532
-29421
-29364
-29289
-29213
-29188
-29019
-28957
-28951
-28917
-28778
-28726
-28630
-28576
-28506
-28357
-28337
-28299
-28282
-28264
-28221
-28165
-28118
-27987
-27974
-27735
-27705
-27690
-27655
-27623
-27608
-27557
-27506
-27453
-27400
-27384
-27316
-27277
-27136
-27083
-27076
-26974
-26570
-26566
-26553
-26485
-26206
-26181
-25995
-25939
-25868
-25718
-25713
-25711
-25707
-25700
-25636
-25622
-25615
-25571
-25370
-25333
-25186
-25101
-25091
-25070
-24974
-24955
-24943
-24943
-24925
-24868
-24846
-24841
-24749
-24738
-24581
-24443
-24350
-24335
-24077
-24043
-23951
-23915
-23770
-23766
-23761
-23618
-23392
-23372
-23296
-23294
-23281
-23185
-23075
-22867
-22800
-22767
-22746
-22737
-22733
-22698
-22640
-22442
-22417
-22401
-22348
-22264
-22258
-22218
-22203
-22178
-22123
-22044
-22026
-21683
-21608
-21582
-21536
-21414
-21269
-21238
-21208
-21137
-21084
-21044
-21041
-20926
-20854
-20846
-20709
-20647
-20610
-20596
-20485
-20390
-20364
-20270
-20267
-20253
-20232
-19918
-19838
-19774
-19587
-19566
-19555
-19507
-19500
-19373
-19297
-19292
-19167
-19105
-19100
-19063
-19031
-18949
-18898
-18748
-18627
-18571
-18512
-18388
-18337
-18332
-18268
-18168
-18103
-18036
-17973
-17970
-17890
-17864
-17835
-17737
-17573
-17527
-17452
-17424
-17404
-17327
-17303
-17285
-17074
-16942
-16796
-16732
-16692
-16677
-16620
-16534
-16506
-16495
-16475
-16425
-16403
-16334
-16333
-16185
-15907
-15906
-15807
-15640
-15612
-15496
-15424
-15389
-15383
-15230
-15210
-15189
-15175
-15021
-14937
-14840
-14666
-14628
-14557
-14428
-14381
-14367
-14266
-14199
-14140
-14065
-14048
-14038
-13933
-13929
-13927
-13854
-13814
-13721
-13695
-13695
-13567
-13561
-13559
-13441
-13391
-13320
-13262
-13223
-13217
-13166
-13151
-13149
-13041
-13003
-12954
-12934
-12905
-12885
-12803
-12616
-12570
-12454
-12428
-12416
-12252
-12196
-12190
-12178
-12149
-12094
-12058
-12010
-11987
-11957
-11879
-11718
-11642
-11615
-11509
-11408
-11334
-11248
-11167
-11131
-10960
-10912
-10902
-10894
-10760
-10611
-10602
-10572
-10503
-10494
-10374
-10344
-10285
-10258
-10188
-10147
-10139
-10067
-10060
-10028
-9869
-9854
-9758
-9660
-9562
-9526
-9487
-9461
-9450
-9414
-9316
-9245
-9232
-9028
-9017
-8962
-8899
-8833
-8750
-8719
-8715
-8617
-8579
-8410
-8304
-8242
-8122
-8079
-8066
-8048
-8036
-7978
-7899
-7878
-7780
-7665
-7565
-7497
-7431
-7415
-7375
-7270
-7240
-7218
-7208
-7196
-7169
-7161
-7134
-7061
-6942
-6927
-6429
-6362
-6361
-6069
-6060
-6036
-6031
-5989
-5783
-5721
-5694
-5671
-5642
-5638
-5604
-5534
-5340
-5100
-5000
-4851
-4837
-4823
-4819
-4785
-4657
-4623
-4506
-4462
-4370
-4361
-4291
-4274
-4128
-3987
-3858
-3834
-3829
-3777
-3591
-3532
-3525
-3485
-3375
-3342
-3182
-3165
-3145
-3019
-2990
-2893
-2782
-2782
-2614
-2577
-2551
-2536
-2519
-2516
-2395
-2370
-2349
-2271
-2192
-2191
-2184
-2110
-1934
-1856
-1846
-1831
-1761
-1756
-1705
-1655
-1568
-1390
-1379
-1241
-1219
-1114
-1081
-987
-978
-638
-610
-593
-561
-509
-466
-407
-393
-333
-297
-249
-91
35
37
91
141
407
545
615
850
868
901
927
950
1089
1176
1193
1220
1315
1334
1372
1377
1397
1580
1646
1705
1736
1743
1831
1835
1866
2026
2031
2085
2138
2347
2356
2428
2448
2486
2753
2936
2944
2961
2970
3050
3191
3214
3357
3439
3497
3498
3544
3571
3665
3687
3694
3768
3871
3898
3915
3961
4170
4322
4387
4389
4525
4649
4710
4764
4774
4922
4962
4974
5026
5115
5119
5130
5130
5186
5268
5271
5362
5584
5616
5830
5840
5885
5918
6011
6185
6318
6390
6403
6411
6477
6539
6584
6648
6651
6653
6716
6736
6803
6866
6939
6942
7088
7121
7146
7154
7205
7271
7274
7287
7372
7465
7520
7537
7571
7589
7634
7685
7746
7799
7819
7895
8060
8081
8091
8100
8198
8299
8326
8493
8542
8572
8615
8628
8711
8743
8761
8791
8815
8830
8872
8941
8956
8996
9063
9198
9214
9315
9339
9359
9387
9421
9448
9498
9596
9598
9699
9704
9719
9798
9805
9848
9927
10065
10100
10103
10336
10340
10431
10453
10512
10602
10617
10627
10655
10709
10717
10792
10918
10977
11008
11082
11170
11203
11229
11281
11300
11341
11404
11445
11458
11557
11619
11625
11642
11681
11788
11825
11857
11881
12054
12068
12084
12097
12158
12240
12281
12296
12314
12314
12333
12445
12476
12480
12486
12501
12580
12588
12590
12698
12734
12767
12862
12933
13220
13236
13239
13386
13420
13452
13515
13772
13781
13819
13867
14042
14068
14188
14195
14331
14390
14439
14657
14708
14756
14831
14862
14989
15053
15063
15118
15252
15562
15675
15779
15862
15985
16028
16033
16070
16138
16216
16233
16310
16347
16365
16471
16545
16674
16724
16780
16869
16894
17029
17095
17159
17275
17341
17414
17465
17636
17639
17685
17697
17786
17788
17845
17855
17868
17961
17978
18024
18035
18056
18094
18160
18167
18316
18322
18323
18385
18530
18620
18623
18636
18677
18678
18683
18711
18766
18863
18931
18983
19063
19088
19111
19256
19297
19382
19395
19587
19629
19723
19724
19822
19914
19966
19968
20010
20024
20214
20231
20233
20492
20542
20588
20599
20646
20650
20663
20782
20804
20956
20970
20994
21110
21390
21473
21515
21642
21814
21893
21941
21970
22014
22129
22192
22281
22501
22616
22762
22920
22937
22960
23019
23119
23122
23142
23200
23332
23479
23511
23589
23734
23750
23780
23794
23816
23847
23887
23978
24246
24249
24588
24597
24644
24822
24873
25074
25081
25114
25145
25216
25221
25300
25423
25427
25440
25458
25525
25818
25913
26009
26098
26243
26256
26384
26395
26449
26538
26649
26655
26658
26766
26944
26977
26984
27025
27210
27299
27308
27340
27359
27409
27409
27418
27431
27680
27761
28010
28039
28047
28322
28371
28378
28456
28556
28637
28673
28797
28882
28899
28908
28999
29042
29055
29104
29136
29227
29258
29331
29341
29346
29375
29402
29412
29498
29637
29696
29704
29706
29888
30039
30120
30131
30136
30234
30448
30509
30521
30533
30544
30735
30749
30801
30945
31076
31142
31154
31176
31207
31338
31589
31801
31832
31926
32014
32048
32130
32244
32323
32407
32417
32507
32541
32592
32733
