1000
32733
32592
32541
32507
32417
32407
32323
32244
32130
32048
32014
31926
31832
31801
31589
31338
31207
31176
31154
31142
31076
30945
30801
30749
30735
30544
30533
30521
30509
30448
30234
30136
30131
30120
30039
29888
29706
29704
29696
29637
29498
29412
29402
29375
29346
29341
29331
29258
29227
29136
29104
29055
29042
28999
28908
28899
28882
28797
28673
28637
28556
28456
28378
28371
28322
28047
28039
28010
27761
27680
27431
27418
27409
27409
27359
27340
27308
27299
27210
27025
26984
26977
26944
26766
26658
26655
26649
26538
26449
26395
26384
26256
26243
26098
26009
25913
25818
25525
25458
25440
25427
25423
25300
25221
25216
25145
25114
25081
25074
24873
24822
24644
24597
24588
24249
24246
23978
23887
23847
23816
23794
23780
23750
23734
23589
23511
23479
23332
23200
23142
23122
23119
23019
22960
22937
22920
22762
22616
22501
22281
22192
22129
22014
21970
21941
21893
21814
21642
21515
21473
21390
21110
20994
20970
20956
20804
20782
20663
20650
20646
20599
20588
20542
20492
20233
20231
20214
20024
20010
19968
19966
19914
19822
19724
19723
19629
19587
19395
19382
19297
19256
19111
19088
19063
18983
18931
18863
18766
18711
18683
18678
18677
18636
18623
18620
18530
18385
18323
18322
18316
18167
18160
18094
18056
18035
18024
17978
17961
17868
17855
17845
17788
17786
17697
17685
17639
17636
17465
17414
17341
17275
17159
17095
17029
16894
16869
16780
16724
16674
16545
16471
16365
16347
16310
16233
16216
16138
16070
16033
16028
15985
15862
15779
15675
15562
15252
15118
15063
15053
14989
14862
14831
14756
14708
14657
14439
14390
14331
14195
14188
14068
14042
13867
13819
13781
13772
13515
13452
13420
13386
13239
13236
13220
12933
12862
12767
12734
12698
12590
12588
12580
12501
12486
12480
12476
12445
12333
12314
12314
12296
12281
12240
12158
12097
12084
12068
12054
11881
11857
11825
11788
11681
11642
11625
11619
11557
11458
11445
11404
11341
11300
11281
11229
11203
11170
11082
11008
10977
10918
10792
10717
10709
10655
10627
10617
10602
10512
10453
10431
10340
10336
10103
10100
10065
9927
9848
9805
9798
9719
9704
9699
9598
9596
9498
9448
9421
9387
9359
9339
9315
9214
9198
9063
8996
8956
8941
8872
8830
8815
8791
8761
8743
8711
8628
8615
8572
8542
8493
8326
8299
8198
8100
8091
8081
8060
7895
7819
7799
7746
7685
7634
7589
7571
7537
7520
7465
7372
7287
7274
7271
7205
7154
7146
7121
7088
6942
6939
6866
6803
6736
6716
6653
6651
6648
6584
6539
6477
6411
6403
6390
6318
6185
6011
5918
5885
5840
5830
5616
5584
5362
5271
5268
5186
5130
5130
5119
5115
5026
4974
4962
4922
4774
4764
4710
4649
4525
4389
4387
4322
4170
3961
3915
3898
3871
3768
3694
3687
3665
3571
3544
3498
3497
3439
3357
3214
3191
3050
2970
2961
2944
2936
2753
2486
2448
2428
2356
2347
2138
2085
2031
2026
1866
1835
1831
1743
1736
1705
1646
1580
1397
1377
1372
1334
1315
1220
1193
1176
1089
950
927
901
868
850
615
545
407
141
91
37
35
-91
-249
-297
-333
-393
-407
-466
-509
-561
-593
-610
-638
-978
-987
-1081
-1114
-1219
-1241
-1379
-1390
-1568
-1655
-1705
-1756
-1761
-1831
-1846
-1856
-1934
-2110
-2184
-2191
-2192
-2271
-2349
-2370
-2395
-2516
-2519
-2536
-2551
-2577
-2614
-2782
-2782
-2893
-2990
-3019
-3145
-3165
-3182
-3342
-3375
-3485
-3525
-3532
-3591
-3777
-3829
-3834
-3858
-3987
-4128
-4274
-4291
-4361
-4370
-4462
-4506
-4623
-4657
-4785
-4819
-4823
-4837
-4851
-5000
-5100
-5340
-5534
-5604
-5638
-5642
-5671
-5694
-5721
-5783
-5989
-6031
-6036
-6060
-6069
-6361
-6362
-6429
-6927
-6942
-7061
-7134
-7161
-7169
-7196
-7208
-7218
-7240
-7270
-7375
-7415
-7431
-7497
-7565
-7665
-7780
-7878
-7899
-7978
-8036
-8048
-8066
-8079
-8122
-8242
-8304
-8410
-8579
-8617
-8715
-8719
-8750
-8833
-8899
-8962
-9017
-9028
-9232
-9245
-9316
-9414
-9450
-9461
-9487
-9526
-9562
-9660
-9758
-9854
-9869
-10028
-10060
-10067
-10139
-10147
-10188
-10258
-10285
-10344
-10374
-10494
-10503
-10572
-10602
-10611
-10760
-10894
-10902
-10912
-10960
-11131
-11167
-11248
-11334
-11408
-11509
-11615
-11642
-11718
-11879
-11957
-11987
-12010
-12058
-12094
-12149
-12178
-12190
-12196
-12252
-12416
-12428
-12454
-12570
-12616
-12803
-12885
-12905
-12934
-12954
-13003
-13041
-13149
-13151
-13166
-13217
-13223
-13262
-13320
-13391
-13441
-13559
-13561
-13567
-13695
-13695
-13721
-13814
-13854
-13927
-13929
-13933
-14038
-14048
-14065
-14140
-14199
-14266
-14367
-14381
-14428
-14557
-14628
-14666
-14840
-14937
-15021
-15175
-15189
-15210
-15230
-15383
-15389
-15424
-15496
-15612
-15640
-15807
-15906
-15907
-16185
-16333
-16334
-16403
-16425
-16475
-16495
-16506
-16534
-16620
-16677
-16692
-16732
-16796
-16942
-17074
-17285
-17303
-17327
-17404
-17424
-17452
-17527
-17573
-17737
-17835
-17864
-17890
-17970
-17973
-18036
-18103
-18168
-18268
-18332
-18337
-18388
-18512
-18571
-18627
-18748
-18898
-18949
-19031
-19063
-19100
-19105
-19167
-19292
-19297
-19373
-19500
-19507
-19555
-19566
-19587
-19774
-19838
-19918
-20232
-20253
-20267
-20270
-20364
-20390
-20485
-20596
-20610
-20647
-20709
-20846
-20854
-20926
-21041
-21044
-21084
-21137
-21208
-21238
-21269
-21414
-21536
-21582
-21608
-21683
-22026
-22044
-22123
-22178
-22203
-22218
-22258
-22264
-22348
-22401
-22417
-22442
-22640
-22698
-22733
-22737
-22746
-22767
-22800
-22867
-23075
-23185
-23281
-23294
-23296
-23372
-23392
-23618
-23761
-23766
-23770
-23915
-23951
-24043
-24077
-24335
-24350
-24443
-24581
-24738
-24749
-24841
-24846
-24868
-24925
-24943
-24943
-24955
-24974
-25070
-25091
-25101
-25186
-25333
-25370
-25571
-25615
-25622
-25636
-25700
-25707
-25711
-25713
-25718
-25868
-25939
-25995
-26181
-26206
-26485
-26553
-26566
-26570
-26974
-27076
-27083
-27136
-27277
-27316
-27384
-27400
-27453
-27506
-27557
-27608
-27623
-27655
-27690
-27705
-27735
-27974
-27987
-28118
-28165
-28221
-28264
-28282
-28299
-28337
-28357
-28506
-28576
-28630
-28726
-28778
-28917
-28951
-28957
-29019
-29188
-29213
-29289
-29364
-29421
-29532
-29638
-29684
-29689
-29690
-29704
-29835
-29920
-29921
-29928
-30158
-30238
-30330
-30393
-30405
-30672
-30702
-30710
-30719
-30794
-30844
-30847
-30849
-31212
-31292
-31354
-31361
-31417
-31431
-31588
-31638
-31650
-31694
-31721
-31750
-31775
-31861
-31888
-31897
-31898
-31900
-31920
-31930
-31971
-31982
-32180
-32206
-32361
-32492
-32511
-32582
-32599
-32614
-32689
