100
-17434
-30657
-392
-12752
-2636
12446
17845
25690
-8620
26295
-31115
9582
-10153
20730
29616
-23430
12888
5759
-14395
28438
-8486
15534
17207
24286
-6566
32680
10215
17305
5919
30668
14340
-22817
6866
18430
-5641
3858
-26199
-27931
-6105
-25859
17796
11928
7810
-4213
7336
22293
18093
-28352
-28890
14422
16551
-8532
22245
-3388
-22375
-2814
461
-2468
22486
-29369
18984
-24729
12945
-14414
-7929
28660
28850
8295
-32118
-19012
13846
-13990
10645
19037
-3253
-29356
-11608
-19824
1866
17920
20951
3678
29458
7440
-1614
-31547
21595
-12289
-17327
-25962
11651
-29464
6883
-18951
-20180
-9253
-6649
10968
2316
-1584
