100
-32118
-31547
-31115
-30657
-29464
-29369
-29356
-28890
-28352
-27931
-26199
-25962
-25859
-24729
-23430
-22817
-22375
-20180
-19824
-19012
-18951
-17434
-17327
-14414
-14395
-13990
-12752
-12289
-11608
-10153
-9253
-8620
-8532
-8486
-7929
-6649
-6566
-6105
-5641
-4213
-3388
-3253
-2814
-2636
-2468
-1614
-1584
-392
461
1866
2316
3678
3858
5759
5919
6866
6883
7336
7440
7810
8295
9582
10215
10645
10968
11651
11928
12446
12888
12945
13846
14340
14422
15534
16551
17207
17305
17796
17845
17920
18093
18430
18984
19037
20730
20951
21595
22245
22293
22486
24286
25690
26295
28438
28660
28850
29458
29616
30668
32680

