100
32680
30668
29616
29458
28850
28660
28438
26295
25690
24286
22486
22293
22245
21595
20951
20730
19037
18984
18430
18093
17920
17845
17796
17305
17207
16551
15534
14422
14340
13846
12945
12888
12446
11928
11651
10968
10645
10215
9582
8295
7810
7440
7336
6883
6866
5919
5759
3858
3678
2316
1866
461
-392
-1584
-1614
-2468
-2636
-2814
-3253
-3388
-4213
-5641
-6105
-6566
-6649
-7929
-8486
-8532
-8620
-9253
-10153
-11608
-12289
-12752
-13990
-14395
-14414
-17327
-17434
-18951
-19012
-19824
-20180
-22375
-22817
-23430
-24729
-25859
-25962
-26199
-27931
-28352
-28890
-29356
-29369
-29464
-30657
-31115
-31547
-32118
